,fitness,route_distance,fuel_consumption,vehicle_loads,computation_times,vehicle_route_time,violation,paths,distance_to_origin
0,"[[92.91887556015043, 196.16666666666666], [103.79516463867124, 172.7], [83.57508221689521, 176.05], [83.57508221689521, 176.05], [83.57508221689521, 176.05], [83.57508221689521, 176.05], [105.01877502966416, 156.13333333333333], [90.37558190178002, 164.23333333333332], [101.56820133729693, 156.13333333333333], [100.88260411686365, 156.13333333333333], [100.88260411686365, 156.13333333333333], [93.73311487460808, 160.03333333333333], [88.41220776954057, 160.03333333333333], [88.41220776954057, 160.03333333333333], [88.41220776954057, 160.03333333333333], [88.41220776954057, 160.03333333333333], [97.6374064636424, 151.58333333333334], [97.6374064636424, 151.58333333333334], [97.6374064636424, 151.58333333333334], [92.52569024693204, 152.91666666666666], [92.52569024693204, 152.91666666666666], [92.52569024693204, 152.91666666666666], [92.52569024693204, 152.91666666666666], [94.57636129773195, 151.58333333333334], [85.42394896411278, 155.35], [85.42394896411278, 155.35], [85.42394896411278, 155.35], [89.34826230075437, 151.58333333333334], [100.91121262603728, 142.36666666666667], [100.91121262603728, 142.36666666666667], [82.36604653511996, 151.58333333333334], [82.36604653511996, 151.58333333333334], [82.36604653511996, 151.58333333333334], [82.36604653511996, 151.58333333333334], [82.36604653511996, 151.58333333333334], [94.46139787723631, 139.53333333333333], [94.46139787723631, 139.53333333333333], [94.46139787723631, 139.53333333333333], [94.46139787723631, 139.53333333333333], [94.46139787723631, 139.53333333333333], [94.46139787723631, 139.53333333333333], [94.46139787723631, 139.53333333333333], [94.46139787723631, 139.53333333333333], [96.3248637643264, 135.33333333333334], [96.3248637643264, 135.33333333333334], [96.3248637643264, 135.33333333333334], [96.3248637643264, 135.33333333333334], [96.60002477777284, 134.5], [96.60002477777284, 134.5], [95.64578803143091, 131.53333333333333]]","[122371, 174850, 37131, 98083]","[92.91887556015043, 103.79516463867124, 83.57508221689521, 83.57508221689521, 83.57508221689521, 83.57508221689521, 105.01877502966416, 90.37558190178002, 101.56820133729693, 100.88260411686365, 100.88260411686365, 93.73311487460808, 88.41220776954057, 88.41220776954057, 88.41220776954057, 88.41220776954057, 97.6374064636424, 97.6374064636424, 97.6374064636424, 92.52569024693204, 92.52569024693204, 92.52569024693204, 92.52569024693204, 94.57636129773195, 85.42394896411278, 85.42394896411278, 85.42394896411278, 89.34826230075437, 100.91121262603728, 100.91121262603728, 82.36604653511996, 82.36604653511996, 82.36604653511996, 82.36604653511996, 82.36604653511996, 94.46139787723631, 94.46139787723631, 94.46139787723631, 94.46139787723631, 94.46139787723631, 94.46139787723631, 94.46139787723631, 94.46139787723631, 96.3248637643264, 96.3248637643264, 96.3248637643264, 96.3248637643264, 96.60002477777284, 96.60002477777284, 95.64578803143091]","[array([  0., 766., 649., 478., 816., 227.]), array([322., 238., 689., 524., 736., 528., 117.]), array([322., 594., 234.]), array([383., 703., 809., 561., 563.])]","[0.046163082122802734, 0.09188413619995117, 0.1387171745300293, 0.18774056434631348, 0.23371672630310059, 0.28116679191589355, 0.32831549644470215, 0.3755323886871338, 0.4239044189453125, 0.4697568416595459, 0.5171377658843994, 0.5641396045684814, 0.6113309860229492, 0.6564302444458008, 0.7037146091461182, 0.7492659091949463, 0.7963905334472656, 0.8390908241271973, 0.8865499496459961, 0.9322304725646973, 0.977318525314331, 1.0215318202972412, 1.0736162662506104, 1.1189846992492676, 1.1636810302734375, 1.2091283798217773, 1.2575902938842773, 1.3028576374053955, 1.3502256870269775, 1.3939909934997559, 1.439880132675171, 1.486781358718872, 1.5332860946655273, 1.5826282501220703, 1.6252636909484863, 1.6723599433898926, 1.7196664810180664, 1.7643635272979736, 1.8118641376495361, 1.8601138591766357, 1.9061977863311768, 1.9536125659942627, 1.9994652271270752, 2.0446889400482178, 2.097592830657959, 2.1443371772766113, 2.192073345184326, 2.2389490604400635, 2.2867698669433594, 2.3324434757232666]","[9095, 13082, 3402, 7892]","[0, 0, 0, 0, 0, 0, 0, 0, 0, 0, 0, 0, 0, 0, 0, 0, 0, 0, 0, 0, 0, 0, 0, 0, 0, 0, 0, 0, 0, 0, 0, 0, 0, 0, 0, 0, 0, 0, 0, 0, 0, 0, 0, 0, 0, 0, 0, 0, 0, 0]","[['V0', 14, 9, 13, 7, 23, 22], ['V2', 3, 24, 1, 21, 8, 19, 20], ['V3', 18, 11, 2], ['V4', 25, 17, 12, 16, 4]]","[217.06054120100646, 201.4912558955571, 194.88046815307274, 194.88046815307274, 194.88046815307274, 194.88046815307274, 188.166311773678, 187.45755141328164, 186.26249569001124, 185.8895306120751, 185.8895306120751, 185.463108466008, 182.83157894757184, 182.83157894757184, 182.83157894757184, 182.83157894757184, 180.30687753214232, 180.30687753214232, 180.30687753214232, 178.73027247815534, 178.73027247815534, 178.73027247815534, 178.73027247815534, 178.66783443240024, 177.28754484346425, 177.28754484346425, 177.28754484346425, 175.95629832605837, 174.50312493315153, 174.50312493315153, 172.51571686739152, 172.51571686739152, 172.51571686739152, 172.51571686739152, 172.51571686739152, 168.50076201617802, 168.50076201617802, 168.50076201617802, 168.50076201617802, 168.50076201617802, 168.50076201617802, 168.50076201617802, 168.50076201617802, 166.11318578104255, 166.11318578104255, 166.11318578104255, 166.11318578104255, 165.59533443628877, 165.59533443628877, 162.63189891878898]"
1,"[[105.75992149242744, 214.01666666666668], [93.16705833974771, 208.5], [124.85344496437553, 168.1], [109.49535627916373, 160.03333333333333], [109.49535627916373, 160.03333333333333], [102.11356645202959, 160.03333333333333], [106.9037216270786, 152.61666666666667], [106.9037216270786, 152.61666666666667], [106.9037216270786, 152.61666666666667], [106.9037216270786, 152.61666666666667], [106.9037216270786, 152.61666666666667], [106.75720562856239, 152.61666666666667], [92.11626213373513, 153.98333333333332], [92.11626213373513, 153.98333333333332], [94.87086411345217, 151.58333333333334], [89.06809555356013, 151.58333333333334], [89.06809555356013, 151.58333333333334], [89.06809555356013, 151.58333333333334], [87.65546201412423, 151.58333333333334], [87.65546201412423, 151.58333333333334], [87.65546201412423, 151.58333333333334], [84.79603559713053, 152.46666666666667], [86.04989985378153, 151.58333333333334], [85.35817478055401, 151.58333333333334], [83.22028172591295, 152.46666666666667], [83.22028172591295, 152.46666666666667], [82.58048279034895, 151.58333333333334], [82.58048279034895, 151.58333333333334], [82.58048279034895, 151.58333333333334], [82.58048279034895, 151.58333333333334], [82.58048279034895, 151.58333333333334], [82.58048279034895, 151.58333333333334], [82.58048279034895, 151.58333333333334], [90.3463962011784, 129.86666666666667], [90.3463962011784, 129.86666666666667], [90.3463962011784, 129.86666666666667], [90.3463962011784, 129.86666666666667], [90.14883815694562, 129.86666666666667], [90.14883815694562, 129.86666666666667], [90.14883815694562, 129.86666666666667], [90.14883815694562, 129.86666666666667], [90.14883815694562, 129.86666666666667], [90.14883815694562, 129.86666666666667], [90.14883815694562, 129.86666666666667], [90.14883815694562, 129.86666666666667], [90.14883815694562, 129.86666666666667], [90.14883815694562, 129.86666666666667], [90.14883815694562, 129.86666666666667], [90.14883815694562, 129.86666666666667], [90.14883815694562, 129.86666666666667]]","[85022, 82436, 107484, 135302, 61595, 89944]","[105.75992149242744, 93.16705833974771, 124.85344496437553, 109.49535627916373, 109.49535627916373, 102.11356645202959, 106.9037216270786, 106.9037216270786, 106.9037216270786, 106.9037216270786, 106.9037216270786, 106.75720562856239, 92.11626213373513, 92.11626213373513, 94.87086411345217, 89.06809555356013, 89.06809555356013, 89.06809555356013, 87.65546201412423, 87.65546201412423, 87.65546201412423, 84.79603559713053, 86.04989985378153, 85.35817478055401, 83.22028172591295, 83.22028172591295, 82.58048279034895, 82.58048279034895, 82.58048279034895, 82.58048279034895, 82.58048279034895, 82.58048279034895, 82.58048279034895, 90.3463962011784, 90.3463962011784, 90.3463962011784, 90.3463962011784, 90.14883815694562, 90.14883815694562, 90.14883815694562, 90.14883815694562, 90.14883815694562, 90.14883815694562, 90.14883815694562, 90.14883815694562, 90.14883815694562, 90.14883815694562, 90.14883815694562, 90.14883815694562, 90.14883815694562]","[array([  0., 766., 649., 478.]), array([  0., 816., 227.]), array([322., 736., 524., 689.]), array([383., 528., 117.]), array([322., 594., 238., 234., 703.]), array([383., 561., 563., 809.])]","[0.04598855972290039, 0.0940549373626709, 0.14139723777770996, 0.18519043922424316, 0.2331688404083252, 0.2818455696105957, 0.3302278518676758, 0.37778806686401367, 0.42607855796813965, 0.47495341300964355, 0.5225369930267334, 0.5702521800994873, 0.6182637214660645, 0.6667697429656982, 0.7156407833099365, 0.7643020153045654, 0.8152754306793213, 0.8634693622589111, 0.9114804267883301, 0.9591140747070312, 1.005967617034912, 1.0550613403320312, 1.1047024726867676, 1.15274977684021, 1.202502965927124, 1.2537243366241455, 1.2992894649505615, 1.3491530418395996, 1.3965017795562744, 1.4448587894439697, 1.4933571815490723, 1.542647361755371, 1.5967445373535156, 1.6443226337432861, 1.6936683654785156, 1.7415492534637451, 1.7899372577667236, 1.8370404243469238, 1.8841826915740967, 1.9336559772491455, 1.9834787845611572, 2.033811569213867, 2.0804355144500732, 2.1285321712493896, 2.179635524749756, 2.2264773845672607, 2.2753188610076904, 2.321835517883301, 2.3712635040283203, 2.417694568634033]","[6310, 5331, 7512, 7792, 5558, 6674]","[0, 0, 0, 0, 0, 0, 0, 0, 0, 0, 0, 0, 0, 0, 0, 0, 0, 0, 0, 0, 0, 0, 0, 0, 0, 0, 0, 0, 0, 0, 0, 0, 0, 0, 0, 0, 0, 0, 0, 0, 0, 0, 0, 0, 0, 0, 0, 0, 0, 0]","[['V0', 14, 9, 13, 2], ['V1', 7, 23, 22], ['V3', 21, 1, 24, 2], ['V5', 8, 19, 20], ['V2', 18, 3, 11, 25, 5], ['V4', 12, 16, 17, 4]]","[238.72221221577922, 228.36889183880092, 209.39434739140486, 193.90693856713528, 193.90693856713528, 189.83637225603223, 186.33371311215896, 186.33371311215896, 186.33371311215896, 186.33371311215896, 186.33371311215896, 186.2496923435408, 179.43319841638962, 179.43319841638962, 178.82390165209335, 175.81419905679567, 175.81419905679567, 175.81419905679567, 175.10278971322538, 175.10278971322538, 175.10278971322538, 174.4604599828691, 174.30459606473457, 173.96414845108762, 173.7000280224064, 173.7000280224064, 172.61820032178406, 172.61820032178406, 172.61820032178406, 172.61820032178406, 172.61820032178406, 172.61820032178406, 172.61820032178406, 158.20184075304377, 158.20184075304377, 158.20184075304377, 158.20184075304377, 158.08910187662616, 158.08910187662616, 158.08910187662616, 158.08910187662616, 158.08910187662616, 158.08910187662616, 158.08910187662616, 158.08910187662616, 158.08910187662616, 158.08910187662616, 158.08910187662616, 158.08910187662616, 158.08910187662616]"
2,"[[98.85918172743564, 172.7], [107.1357549728792, 167.61666666666667], [104.50975320193518, 167.33333333333334], [103.77511443821531, 167.33333333333334], [99.53906667141032, 167.33333333333334], [80.32355368885398, 176.05], [86.79841312188923, 150.56666666666666], [86.79841312188923, 150.56666666666666], [86.79841312188923, 150.56666666666666], [86.79841312188923, 150.56666666666666], [86.79841312188923, 150.56666666666666], [86.79841312188923, 150.56666666666666], [86.79841312188923, 150.56666666666666], [86.34488078326574, 150.56666666666666], [86.34488078326574, 150.56666666666666], [86.34488078326574, 150.56666666666666], [86.34488078326574, 150.56666666666666], [86.34488078326574, 150.56666666666666], [86.34488078326574, 150.56666666666666], [86.34488078326574, 150.56666666666666], [86.34488078326574, 150.56666666666666], [86.34488078326574, 150.56666666666666], [86.34488078326574, 150.56666666666666], [86.34488078326574, 150.56666666666666], [86.34488078326574, 150.56666666666666], [86.34488078326574, 150.56666666666666], [86.34488078326574, 150.56666666666666], [86.34488078326574, 150.56666666666666], [86.34488078326574, 150.56666666666666], [86.34488078326574, 150.56666666666666], [86.34488078326574, 150.56666666666666], [86.34488078326574, 150.56666666666666], [86.34488078326574, 150.56666666666666], [86.34488078326574, 150.56666666666666], [96.73749246479261, 137.9], [96.73749246479261, 137.9], [96.73749246479261, 137.9], [96.73749246479261, 137.9], [96.73749246479261, 137.9], [96.73749246479261, 137.9], [96.73749246479261, 137.9], [96.73749246479261, 137.9], [96.73749246479261, 137.9], [94.27272615431355, 129.86666666666667], [94.27272615431355, 129.86666666666667], [94.27272615431355, 129.86666666666667], [94.27272615431355, 129.86666666666667], [94.27272615431355, 129.86666666666667], [94.27272615431355, 129.86666666666667], [94.27272615431355, 129.86666666666667]]","[128843, 129801, 148840, 118989]","[98.85918172743564, 107.1357549728792, 104.50975320193518, 103.77511443821531, 99.53906667141032, 80.32355368885398, 86.79841312188923, 86.79841312188923, 86.79841312188923, 86.79841312188923, 86.79841312188923, 86.79841312188923, 86.79841312188923, 86.34488078326574, 86.34488078326574, 86.34488078326574, 86.34488078326574, 86.34488078326574, 86.34488078326574, 86.34488078326574, 86.34488078326574, 86.34488078326574, 86.34488078326574, 86.34488078326574, 86.34488078326574, 86.34488078326574, 86.34488078326574, 86.34488078326574, 86.34488078326574, 86.34488078326574, 86.34488078326574, 86.34488078326574, 86.34488078326574, 86.34488078326574, 96.73749246479261, 96.73749246479261, 96.73749246479261, 96.73749246479261, 96.73749246479261, 96.73749246479261, 96.73749246479261, 96.73749246479261, 96.73749246479261, 94.27272615431355, 94.27272615431355, 94.27272615431355, 94.27272615431355, 94.27272615431355, 94.27272615431355, 94.27272615431355]","[array([  0., 649., 766., 478., 689., 816.]), array([383., 594., 238., 736., 524.]), array([383., 528., 117., 227.]), array([322., 234., 703., 809., 561., 563.])]","[0.044394731521606445, 0.09593319892883301, 0.142042875289917, 0.19017291069030762, 0.23633503913879395, 0.2876918315887451, 0.33449363708496094, 0.38252925872802734, 0.42777109146118164, 0.4736800193786621, 0.5171647071838379, 0.5604822635650635, 0.6073751449584961, 0.653606653213501, 0.7000465393066406, 0.744049072265625, 0.7990317344665527, 0.8479015827178955, 0.8910455703735352, 0.9405925273895264, 0.9883005619049072, 1.0381181240081787, 1.0846827030181885, 1.1578588485717773, 1.206580400466919, 1.2551157474517822, 1.3037221431732178, 1.3504664897918701, 1.3970630168914795, 1.4434714317321777, 1.4900410175323486, 1.5368375778198242, 1.5887224674224854, 1.6380186080932617, 1.6843714714050293, 1.7292373180389404, 1.7749667167663574, 1.8234710693359375, 1.8699619770050049, 1.9179999828338623, 1.9631659984588623, 2.0126163959503174, 2.0584664344787598, 2.104461431503296, 2.1521599292755127, 2.1971869468688965, 2.2431561946868896, 2.2900595664978027, 2.3370065689086914, 2.3840413093566895]","[9068, 8566, 9212, 9866]","[0, 0, 0, 0, 0, 0, 0, 0, 0, 0, 0, 0, 0, 0, 0, 0, 0, 0, 0, 0, 0, 0, 0, 0, 0, 0, 0, 0, 0, 0, 0, 0, 0, 0, 0, 0, 0, 0, 0, 0, 0, 0, 0, 0, 0, 0, 0, 0, 0, 0]","[['V0', 9, 14, 13, 24, 7, 20], ['V5', 18, 3, 21, 1, 2], ['V4', 8, 19, 23, 22], ['V2', 11, 25, 17, 12, 16, 4]]","[198.99353711067639, 198.93068375203774, 197.28845115407503, 196.90027633578663, 194.70097646971348, 193.50833516209636, 173.79380205171086, 173.79380205171086, 173.79380205171086, 173.79380205171086, 173.79380205171086, 173.79380205171086, 173.79380205171086, 173.56773763746384, 173.56773763746384, 173.56773763746384, 173.56773763746384, 173.56773763746384, 173.56773763746384, 173.56773763746384, 173.56773763746384, 173.56773763746384, 173.56773763746384, 173.56773763746384, 173.56773763746384, 173.56773763746384, 173.56773763746384, 173.56773763746384, 173.56773763746384, 173.56773763746384, 173.56773763746384, 173.56773763746384, 173.56773763746384, 173.56773763746384, 168.44747682401123, 168.44747682401123, 168.44747682401123, 168.44747682401123, 168.44747682401123, 168.44747682401123, 168.44747682401123, 168.44747682401123, 168.44747682401123, 160.4764718196325, 160.4764718196325, 160.4764718196325, 160.4764718196325, 160.4764718196325, 160.4764718196325, 160.4764718196325]"
3,"[[90.87829195839637, 216.81666666666666], [97.07742165842275, 134.55], [97.07742165842275, 134.55], [97.07742165842275, 134.55], [93.82820145184473, 133.21666666666667], [93.82820145184473, 133.21666666666667], [93.82820145184473, 133.21666666666667], [93.8961561741187, 129.86666666666667], [93.8961561741187, 129.86666666666667], [93.8961561741187, 129.86666666666667], [93.8961561741187, 129.86666666666667], [93.33776802675901, 129.86666666666667], [93.33776802675901, 129.86666666666667], [93.33776802675901, 129.86666666666667], [93.33776802675901, 129.86666666666667], [93.33776802675901, 129.86666666666667], [93.33776802675901, 129.86666666666667], [93.33776802675901, 129.86666666666667], [93.33776802675901, 129.86666666666667], [93.33776802675901, 129.86666666666667], [93.33776802675901, 129.86666666666667], [93.33776802675901, 129.86666666666667], [98.48529097433759, 127.13333333333334], [98.48529097433759, 127.13333333333334], [98.48529097433759, 127.13333333333334], [98.48529097433759, 127.13333333333334], [98.48529097433759, 127.13333333333334], [98.36588588267297, 127.13333333333334], [98.36588588267297, 127.13333333333334], [98.36588588267297, 127.13333333333334], [94.66515203713668, 129.86666666666667], [98.36588588267297, 127.13333333333334], [98.36588588267297, 127.13333333333334], [98.36588588267297, 127.13333333333334], [98.36588588267297, 127.13333333333334], [98.36588588267297, 127.13333333333334], [98.36588588267297, 127.13333333333334], [98.36588588267297, 127.13333333333334], [98.36588588267297, 127.13333333333334], [98.36588588267297, 127.13333333333334], [98.36588588267297, 127.13333333333334], [98.36588588267297, 127.13333333333334], [98.36588588267297, 127.13333333333334], [97.9709076106525, 127.13333333333334], [97.9709076106525, 127.13333333333334], [97.9709076106525, 127.13333333333334], [97.9709076106525, 127.13333333333334], [97.9709076106525, 127.13333333333334], [97.9709076106525, 127.13333333333334], [97.9709076106525, 127.13333333333334]]","[122371, 161934, 112774, 19871, 86314]","[90.87829195839637, 97.07742165842275, 97.07742165842275, 97.07742165842275, 93.82820145184473, 93.82820145184473, 93.82820145184473, 93.8961561741187, 93.8961561741187, 93.8961561741187, 93.8961561741187, 93.33776802675901, 93.33776802675901, 93.33776802675901, 93.33776802675901, 93.33776802675901, 93.33776802675901, 93.33776802675901, 93.33776802675901, 93.33776802675901, 93.33776802675901, 93.33776802675901, 98.48529097433759, 98.48529097433759, 98.48529097433759, 98.48529097433759, 98.48529097433759, 98.36588588267297, 98.36588588267297, 98.36588588267297, 94.66515203713668, 98.36588588267297, 98.36588588267297, 98.36588588267297, 98.36588588267297, 98.36588588267297, 98.36588588267297, 98.36588588267297, 98.36588588267297, 98.36588588267297, 98.36588588267297, 98.36588588267297, 98.36588588267297, 97.9709076106525, 97.9709076106525, 97.9709076106525, 97.9709076106525, 97.9709076106525, 97.9709076106525, 97.9709076106525]","[array([  0., 766., 649., 478., 816., 227.]), array([322., 234., 238., 528., 117.]), array([322., 594., 689., 736., 524.]), array([383., 703.]), array([383., 809., 563., 561.])]","[0.046270132064819336, 0.09386754035949707, 0.1415393352508545, 0.1885819435119629, 0.23743677139282227, 0.28597211837768555, 0.33164048194885254, 0.3766946792602539, 0.4245116710662842, 0.47217321395874023, 0.521981954574585, 0.5707790851593018, 0.6204605102539062, 0.668752908706665, 0.7187991142272949, 0.7675976753234863, 0.8119058609008789, 0.8571920394897461, 0.9040379524230957, 0.9514727592468262, 0.9982357025146484, 1.0467395782470703, 1.0915725231170654, 1.137260913848877, 1.182936429977417, 1.230104684829712, 1.2782087326049805, 1.3256762027740479, 1.375385046005249, 1.4211063385009766, 1.4711639881134033, 1.517946720123291, 1.5651490688323975, 1.609381914138794, 1.6574101448059082, 1.7024848461151123, 1.7482688426971436, 1.7957170009613037, 1.8451719284057617, 1.8925776481628418, 1.9436869621276855, 1.9932658672332764, 2.040860414505005, 2.089627504348755, 2.136160135269165, 2.1847941875457764, 2.237210512161255, 2.286250352859497, 2.3330459594726562, 2.3777496814727783]","[9095, 10136, 8318, 1972, 6410]","[0, 0, 0, 0, 0, 0, 0, 0, 0, 0, 0, 0, 0, 0, 0, 0, 0, 0, 0, 0, 0, 0, 0, 0, 0, 0, 0, 0, 0, 0, 0, 0, 0, 0, 0, 0, 0, 0, 0, 0, 0, 0, 0, 0, 0, 0, 0, 0, 0, 0]","[['V1', 14, 9, 13, 7, 23, 22], ['V2', 11, 3, 8, 19, 20], ['V3', 18, 24, 21, 1, 2], ['V5', 25, 5], ['V4', 17, 16, 12, 4]]","[235.0921753136841, 165.91482241152298, 165.91482241152298, 165.91482241152298, 162.94297059236933, 162.94297059236933, 162.94297059236933, 160.2555436026648, 160.2555436026648, 160.2555436026648, 160.2555436026648, 159.92901566422583, 159.92901566422583, 159.92901566422583, 159.92901566422583, 159.92901566422583, 159.92901566422583, 159.92901566422583, 159.92901566422583, 159.92901566422583, 159.92901566422583, 159.92901566422583, 160.81740261160914, 160.81740261160914, 160.81740261160914, 160.81740261160914, 160.81740261160914, 160.74430611977363, 160.74430611977363, 160.74430611977363, 160.7073181946775, 160.74430611977363, 160.74430611977363, 160.74430611977363, 160.74430611977363, 160.74430611977363, 160.74430611977363, 160.74430611977363, 160.74430611977363, 160.74430611977363, 160.74430611977363, 160.74430611977363, 160.74430611977363, 160.50290708426266, 160.50290708426266, 160.50290708426266, 160.50290708426266, 160.50290708426266, 160.50290708426266, 160.50290708426266]"
4,"[[110.35930174842034, 193.2], [111.86407590109408, 167.61666666666667], [106.43963586651435, 167.61666666666667], [113.49954155256252, 162.23333333333332], [113.49954155256252, 162.23333333333332], [113.49954155256252, 162.23333333333332], [103.1327981245328, 166.41666666666666], [102.48943049253508, 166.41666666666666], [102.48943049253508, 166.41666666666666], [102.48943049253508, 166.41666666666666], [102.48943049253508, 166.41666666666666], [102.48943049253508, 166.41666666666666], [102.48943049253508, 166.41666666666666], [90.99101703053711, 152.61666666666667], [90.99101703053711, 152.61666666666667], [90.99101703053711, 152.61666666666667], [90.99101703053711, 152.61666666666667], [97.2588045354699, 143.46666666666667], [96.88850361830247, 133.21666666666667], [96.88850361830247, 133.21666666666667], [95.88872552920581, 133.21666666666667], [95.88872552920581, 133.21666666666667], [95.88872552920581, 133.21666666666667], [95.88872552920581, 133.21666666666667], [95.20312830877255, 133.21666666666667], [94.14723957214291, 133.21666666666667], [94.14723957214291, 133.21666666666667], [94.14723957214291, 133.21666666666667], [94.14723957214291, 133.21666666666667], [94.14723957214291, 133.21666666666667], [94.14723957214291, 133.21666666666667], [90.76088635311459, 131.53333333333333], [90.76088635311459, 131.53333333333333], [90.76088635311459, 131.53333333333333], [90.76088635311459, 131.53333333333333], [90.76088635311459, 131.53333333333333], [90.76088635311459, 131.53333333333333], [90.76088635311459, 131.53333333333333], [90.76088635311459, 131.53333333333333], [90.76088635311459, 131.53333333333333], [90.76088635311459, 131.53333333333333], [90.76088635311459, 131.53333333333333], [90.76088635311459, 131.53333333333333], [90.76088635311459, 131.53333333333333], [90.76088635311459, 131.53333333333333], [90.76088635311459, 131.53333333333333], [90.76088635311459, 131.53333333333333], [90.76088635311459, 131.53333333333333], [90.76088635311459, 131.53333333333333], [90.76088635311459, 131.53333333333333]]","[138533, 170199, 19871, 24231, 98814]","[110.35930174842034, 111.86407590109408, 106.43963586651435, 113.49954155256252, 113.49954155256252, 113.49954155256252, 103.1327981245328, 102.48943049253508, 102.48943049253508, 102.48943049253508, 102.48943049253508, 102.48943049253508, 102.48943049253508, 90.99101703053711, 90.99101703053711, 90.99101703053711, 90.99101703053711, 97.2588045354699, 96.88850361830247, 96.88850361830247, 95.88872552920581, 95.88872552920581, 95.88872552920581, 95.88872552920581, 95.20312830877255, 94.14723957214291, 94.14723957214291, 94.14723957214291, 94.14723957214291, 94.14723957214291, 94.14723957214291, 90.76088635311459, 90.76088635311459, 90.76088635311459, 90.76088635311459, 90.76088635311459, 90.76088635311459, 90.76088635311459, 90.76088635311459, 90.76088635311459, 90.76088635311459, 90.76088635311459, 90.76088635311459, 90.76088635311459, 90.76088635311459, 90.76088635311459, 90.76088635311459, 90.76088635311459, 90.76088635311459, 90.76088635311459]","[array([  0., 766., 649., 478., 689., 816., 227.]), array([383., 524., 736., 528., 117.]), array([383., 703.]), array([322., 594., 238.]), array([322., 234., 809., 561., 563.])]","[0.04668760299682617, 0.09234094619750977, 0.13741660118103027, 0.18117880821228027, 0.22705721855163574, 0.2748095989227295, 0.32291412353515625, 0.3701300621032715, 0.4180929660797119, 0.46653103828430176, 0.5148258209228516, 0.5636532306671143, 0.6128253936767578, 0.6616723537445068, 0.7079949378967285, 0.7535107135772705, 0.7990696430206299, 0.8455965518951416, 0.8915300369262695, 0.9379942417144775, 0.9841189384460449, 1.033297061920166, 1.078005075454712, 1.1237077713012695, 1.171959400177002, 1.2365427017211914, 1.3139622211456299, 1.3613238334655762, 1.4134321212768555, 1.461792230606079, 1.5101616382598877, 1.557018518447876, 1.6041829586029053, 1.6497340202331543, 1.6979191303253174, 1.745596170425415, 1.7897851467132568, 1.83543062210083, 1.8839118480682373, 1.9313654899597168, 1.981482982635498, 2.02767276763916, 2.074739694595337, 2.118990659713745, 2.1655702590942383, 2.2131340503692627, 2.259730339050293, 2.3078839778900146, 2.357227325439453, 2.402798652648926]","[10246, 11226, 1972, 2219, 8206]","[0, 0, 0, 0, 0, 0, 0, 0, 0, 0, 0, 0, 0, 0, 0, 0, 0, 0, 0, 0, 0, 0, 0, 0, 0, 0, 0, 0, 0, 0, 0, 0, 0, 0, 0, 0, 0, 0, 0, 0, 0, 0, 0, 0, 0, 0, 0, 0, 0, 0]","[['V0', 14, 9, 13, 24, 7, 23, 22], ['V4', 1, 21, 8, 19, 20], ['V5', 25, 5], ['V3', 18, 3, 2], ['V2', 11, 17, 12, 16, 4]]","[222.49812467164503, 201.51654627263287, 198.55664941734037, 197.99444531876722, 197.99444531876722, 197.99444531876722, 195.78273926329686, 195.44459651555636, 195.44459651555636, 195.44459651555636, 195.44459651555636, 195.44459651555636, 195.44459651555636, 177.68289767081114, 177.68289767081114, 177.68289767081114, 177.68289767081114, 173.3261650880016, 164.72420104881854, 164.72420104881854, 164.13813682807887, 164.13813682807887, 164.13813682807887, 164.13813682807887, 163.73855965396297, 163.12689231647934, 163.12689231647934, 163.12689231647934, 163.12689231647934, 163.12689231647934, 163.12689231647934, 159.8078729893517, 159.8078729893517, 159.8078729893517, 159.8078729893517, 159.8078729893517, 159.8078729893517, 159.8078729893517, 159.8078729893517, 159.8078729893517, 159.8078729893517, 159.8078729893517, 159.8078729893517, 159.8078729893517, 159.8078729893517, 159.8078729893517, 159.8078729893517, 159.8078729893517, 159.8078729893517, 159.8078729893517]"
5,"[[90.9098387561607, 218.03333333333333], [106.29778926088389, 184.91666666666666], [111.08060996537878, 159.15], [106.57631934594461, 160.61666666666667], [102.33591582222545, 144.53333333333333], [101.0995667510305, 144.53333333333333], [101.0995667510305, 144.53333333333333], [101.0995667510305, 144.53333333333333], [101.0995667510305, 144.53333333333333], [101.0995667510305, 144.53333333333333], [99.46815316552535, 132.88333333333333], [99.01462082690188, 132.88333333333333], [99.01462082690188, 132.88333333333333], [99.01462082690188, 132.88333333333333], [99.01462082690188, 132.88333333333333], [97.06532264579805, 131.81666666666666], [97.06532264579805, 131.81666666666666], [97.06532264579805, 131.81666666666666], [97.06532264579805, 131.81666666666666], [97.06532264579805, 131.81666666666666], [97.06532264579805, 131.81666666666666], [97.06532264579805, 131.81666666666666], [97.06532264579805, 131.81666666666666], [97.06532264579805, 131.81666666666666], [97.06532264579805, 131.81666666666666], [97.06532264579805, 131.81666666666666], [97.06532264579805, 131.81666666666666], [97.06532264579805, 131.81666666666666], [97.06532264579805, 131.81666666666666], [97.06532264579805, 131.81666666666666], [97.06532264579805, 131.81666666666666], [97.06532264579805, 131.81666666666666], [97.06532264579805, 131.81666666666666], [97.06532264579805, 131.81666666666666], [97.06532264579805, 131.81666666666666], [97.06532264579805, 131.81666666666666], [97.06532264579805, 131.81666666666666], [97.06532264579805, 131.81666666666666], [97.06532264579805, 131.81666666666666], [97.06532264579805, 131.81666666666666], [97.06532264579805, 131.81666666666666], [97.06532264579805, 131.81666666666666], [97.06532264579805, 131.81666666666666], [97.06532264579805, 131.81666666666666], [97.06532264579805, 131.81666666666666], [97.06532264579805, 131.81666666666666], [97.06532264579805, 131.81666666666666], [97.06532264579805, 131.81666666666666], [97.06532264579805, 131.81666666666666], [97.06532264579805, 131.81666666666666]]","[122371, 79782, 157110, 63204, 82874]","[90.9098387561607, 106.29778926088389, 111.08060996537878, 106.57631934594461, 102.33591582222545, 101.0995667510305, 101.0995667510305, 101.0995667510305, 101.0995667510305, 101.0995667510305, 99.46815316552535, 99.01462082690188, 99.01462082690188, 99.01462082690188, 99.01462082690188, 97.06532264579805, 97.06532264579805, 97.06532264579805, 97.06532264579805, 97.06532264579805, 97.06532264579805, 97.06532264579805, 97.06532264579805, 97.06532264579805, 97.06532264579805, 97.06532264579805, 97.06532264579805, 97.06532264579805, 97.06532264579805, 97.06532264579805, 97.06532264579805, 97.06532264579805, 97.06532264579805, 97.06532264579805, 97.06532264579805, 97.06532264579805, 97.06532264579805, 97.06532264579805, 97.06532264579805, 97.06532264579805, 97.06532264579805, 97.06532264579805, 97.06532264579805, 97.06532264579805, 97.06532264579805, 97.06532264579805, 97.06532264579805, 97.06532264579805, 97.06532264579805, 97.06532264579805]","[array([  0., 766., 649., 478., 816., 227.]), array([  0., 524., 689.]), array([383., 736., 528., 117.]), array([322., 238., 594., 234., 703.]), array([383., 809., 561., 563.])]","[0.04432797431945801, 0.09290671348571777, 0.14018964767456055, 0.18707656860351562, 0.23018550872802734, 0.2768678665161133, 0.3233461380004883, 0.3716750144958496, 0.42005085945129395, 0.4665074348449707, 0.5148410797119141, 0.5618817806243896, 0.6085090637207031, 0.6554548740386963, 0.7018129825592041, 0.7497646808624268, 0.7957348823547363, 0.8407163619995117, 0.8894619941711426, 0.9355299472808838, 0.9841306209564209, 1.031860589981079, 1.0818922519683838, 1.132472038269043, 1.1807494163513184, 1.22761869430542, 1.2774255275726318, 1.326514720916748, 1.3740458488464355, 1.4231574535369873, 1.4685986042022705, 1.5164685249328613, 1.5655887126922607, 1.6185681819915771, 1.6648218631744385, 1.714310646057129, 1.761549711227417, 1.8097400665283203, 1.8597385883331299, 1.9095001220703125, 1.957576036453247, 2.0052080154418945, 2.0520293712615967, 2.102656602859497, 2.15010666847229, 2.199963092803955, 2.2476344108581543, 2.295665979385376, 2.3432888984680176, 2.3894846439361572]","[9095, 5431, 10362, 5861, 6674]","[0, 0, 0, 0, 0, 0, 0, 0, 0, 0, 0, 0, 0, 0, 0, 0, 0, 0, 0, 0, 0, 0, 0, 0, 0, 0, 0, 0, 0, 0, 0, 0, 0, 0, 0, 0, 0, 0, 0, 0, 0, 0, 0, 0, 0, 0, 0, 0, 0, 0]","[['V0', 14, 9, 13, 7, 23, 22], ['V1', 1, 24, 2], ['V5', 21, 8, 19, 20], ['V2', 3, 18, 11, 25, 5], ['V4', 17, 12, 16, 4]]","[236.22686813128513, 213.2918039045626, 194.08148909744227, 192.75950159833855, 177.09467555976394, 176.38312516136716, 176.38312516136716, 176.38312516136716, 176.38312516136716, 176.38312516136716, 165.98763138239605, 165.71624970193156, 165.71624970193156, 165.71624970193156, 165.71624970193156, 163.69884077611542, 163.69884077611542, 163.69884077611542, 163.69884077611542, 163.69884077611542, 163.69884077611542, 163.69884077611542, 163.69884077611542, 163.69884077611542, 163.69884077611542, 163.69884077611542, 163.69884077611542, 163.69884077611542, 163.69884077611542, 163.69884077611542, 163.69884077611542, 163.69884077611542, 163.69884077611542, 163.69884077611542, 163.69884077611542, 163.69884077611542, 163.69884077611542, 163.69884077611542, 163.69884077611542, 163.69884077611542, 163.69884077611542, 163.69884077611542, 163.69884077611542, 163.69884077611542, 163.69884077611542, 163.69884077611542, 163.69884077611542, 163.69884077611542, 163.69884077611542, 163.69884077611542]"
6,"[[98.98904756957303, 220.4], [91.90419105922679, 198.96666666666667], [90.12704057169171, 198.96666666666667], [107.42627512175949, 184.21666666666667], [88.65779462522377, 193.86666666666667], [88.29587877951984, 174.35], [105.73811655219255, 157.93333333333334], [105.73811655219255, 157.93333333333334], [103.6986999536248, 157.93333333333334], [103.6986999536248, 157.93333333333334], [103.6986999536248, 157.93333333333334], [103.6986999536248, 157.93333333333334], [94.18051621559465, 157.33333333333334], [94.4817082750539, 153.98333333333332], [94.18051621559465, 157.33333333333334], [93.56748170087609, 153.98333333333332], [93.56748170087609, 153.98333333333332], [97.22431481261869, 150.4], [97.22431481261869, 150.4], [97.22431481261869, 150.4], [97.22431481261869, 150.4], [84.86034412210438, 153.98333333333332], [85.85053931538035, 151.58333333333334], [85.85053931538035, 151.58333333333334], [84.86034412210438, 153.98333333333332], [84.86034412210438, 153.98333333333332], [84.86034412210438, 153.98333333333332], [81.716746821588, 151.58333333333334], [81.716746821588, 151.58333333333334], [81.49622733718913, 151.58333333333334], [91.41627439118488, 129.86666666666667], [91.41627439118488, 129.86666666666667], [91.41627439118488, 129.86666666666667], [91.41627439118488, 129.86666666666667], [91.41627439118488, 129.86666666666667], [91.41627439118488, 129.86666666666667], [91.41627439118488, 129.86666666666667], [91.41627439118488, 129.86666666666667], [91.41627439118488, 129.86666666666667], [89.76549028237044, 129.86666666666667], [89.76549028237044, 129.86666666666667], [89.687928549378, 129.86666666666667], [89.687928549378, 129.86666666666667], [89.687928549378, 129.86666666666667], [89.687928549378, 129.86666666666667], [89.687928549378, 129.86666666666667], [89.687928549378, 129.86666666666667], [89.687928549378, 129.86666666666667], [89.687928549378, 129.86666666666667], [89.687928549378, 129.86666666666667]]","[138533, 168298, 116334]","[98.98904756957303, 91.90419105922679, 90.12704057169171, 107.42627512175949, 88.65779462522377, 88.29587877951984, 105.73811655219255, 105.73811655219255, 103.6986999536248, 103.6986999536248, 103.6986999536248, 103.6986999536248, 94.18051621559465, 94.4817082750539, 94.18051621559465, 93.56748170087609, 93.56748170087609, 97.22431481261869, 97.22431481261869, 97.22431481261869, 97.22431481261869, 84.86034412210438, 85.85053931538035, 85.85053931538035, 84.86034412210438, 84.86034412210438, 84.86034412210438, 81.716746821588, 81.716746821588, 81.49622733718913, 91.41627439118488, 91.41627439118488, 91.41627439118488, 91.41627439118488, 91.41627439118488, 91.41627439118488, 91.41627439118488, 91.41627439118488, 91.41627439118488, 89.76549028237044, 89.76549028237044, 89.687928549378, 89.687928549378, 89.687928549378, 89.687928549378, 89.687928549378, 89.687928549378, 89.687928549378, 89.687928549378, 89.687928549378]","[array([  0., 766., 649., 478., 689., 816., 227.]), array([322., 594., 238., 524., 736., 528., 117.]), array([383., 234., 703., 561., 809., 563.])]","[0.04523754119873047, 0.09478974342346191, 0.1437060832977295, 0.19281697273254395, 0.2386329174041748, 0.2865619659423828, 0.3353400230407715, 0.37848830223083496, 0.42595839500427246, 0.4719557762145996, 0.5166923999786377, 0.5646963119506836, 0.6136410236358643, 0.6600759029388428, 0.7122194766998291, 0.7563402652740479, 0.8056845664978027, 0.8551452159881592, 0.9016437530517578, 0.9542865753173828, 1.0023455619812012, 1.0483322143554688, 1.0970778465270996, 1.144688606262207, 1.1912617683410645, 1.238344430923462, 1.283341407775879, 1.3334918022155762, 1.3798606395721436, 1.4276394844055176, 1.4745121002197266, 1.5203726291656494, 1.5672507286071777, 1.6169302463531494, 1.6639106273651123, 1.772681713104248, 1.8218393325805664, 1.8696224689483643, 1.9145150184631348, 1.9596381187438965, 2.0052504539489746, 2.0514256954193115, 2.099302053451538, 2.1477043628692627, 2.1929547786712646, 2.245668649673462, 2.2908284664154053, 2.3393468856811523, 2.3871970176696777, 2.4326605796813965]","[10246, 12334, 10542]","[0, 0, 0, 0, 0, 0, 0, 0, 0, 0, 0, 0, 0, 0, 0, 0, 0, 0, 0, 0, 0, 0, 0, 0, 0, 0, 0, 0, 0, 0, 0, 0, 0, 0, 0, 0, 0, 0, 0, 0, 0, 0, 0, 0, 0, 0, 0, 0, 0, 0]","[['V0', 14, 9, 13, 24, 7, 23, 22], ['V2', 18, 3, 1, 21, 8, 19, 20], ['V4', 11, 25, 12, 17, 16, 4]]","[241.6091710567527, 219.16686514775748, 218.42760330749365, 213.2514592313819, 213.17713055638217, 195.43306964136764, 190.06179802838557, 190.06179802838557, 188.93479867364212, 188.93479867364212, 188.93479867364212, 188.93479867364212, 183.36779273474843, 180.6589608710756, 183.36779273474843, 180.18252017409517, 180.18252017409517, 179.08860206831474, 179.08860206831474, 179.08860206831474, 179.08860206831474, 175.8185000191004, 174.20626293330017, 174.20626293330017, 175.8185000191004, 175.8185000191004, 175.8185000191004, 172.2066597305341, 172.2066597305341, 172.10212669993146, 158.81525850709534, 158.81525850709534, 158.81525850709534, 158.81525850709534, 158.81525850709534, 158.81525850709534, 158.81525850709534, 158.81525850709534, 158.81525850709534, 157.87081540533532, 157.87081540533532, 157.82672662952066, 157.82672662952066, 157.82672662952066, 157.82672662952066, 157.82672662952066, 157.82672662952066, 157.82672662952066, 157.82672662952066, 157.82672662952066]"
7,"[[97.51812090098059, 176.05], [97.51812090098059, 176.05], [94.91280477340733, 176.15], [92.46085722135462, 172.7], [86.42165244531634, 172.7], [89.08012612543457, 152.61666666666667], [89.08012612543457, 152.61666666666667], [98.76080394851539, 133.6], [98.76080394851539, 133.6], [98.76080394851539, 133.6], [97.7241967412573, 133.21666666666667], [97.5266386970245, 133.21666666666667], [97.5266386970245, 133.21666666666667], [97.5266386970245, 133.21666666666667], [94.74406932314017, 133.21666666666667], [94.74406932314017, 133.21666666666667], [94.05847210270689, 133.21666666666667], [94.05847210270689, 133.21666666666667], [94.05847210270689, 133.21666666666667], [94.05847210270689, 133.21666666666667], [94.05847210270689, 133.21666666666667], [94.05847210270689, 133.21666666666667], [94.05847210270689, 133.21666666666667], [93.5000839553472, 133.21666666666667], [93.5000839553472, 133.21666666666667], [93.5000839553472, 133.21666666666667], [93.5000839553472, 133.21666666666667], [93.5000839553472, 133.21666666666667], [93.5000839553472, 133.21666666666667], [92.97149903837729, 133.21666666666667], [92.97149903837729, 133.21666666666667], [92.97149903837729, 133.21666666666667], [92.97149903837729, 133.21666666666667], [92.97149903837729, 133.21666666666667], [92.97149903837729, 133.21666666666667], [105.92738223861329, 129.83333333333334], [105.06935804032338, 129.83333333333334], [105.06935804032338, 129.83333333333334], [105.06935804032338, 129.83333333333334], [105.06935804032338, 129.83333333333334], [105.06935804032338, 129.83333333333334], [105.06935804032338, 129.83333333333334], [105.06935804032338, 129.83333333333334], [105.06935804032338, 129.83333333333334], [106.0612005779765, 128.71666666666667], [106.0612005779765, 128.71666666666667], [106.0612005779765, 128.71666666666667], [106.0612005779765, 128.71666666666667], [106.0612005779765, 128.71666666666667], [106.0612005779765, 128.71666666666667]]","[122371, 174850, 123156]","[97.51812090098059, 97.51812090098059, 94.91280477340733, 92.46085722135462, 86.42165244531634, 89.08012612543457, 89.08012612543457, 98.76080394851539, 98.76080394851539, 98.76080394851539, 97.7241967412573, 97.5266386970245, 97.5266386970245, 97.5266386970245, 94.74406932314017, 94.74406932314017, 94.05847210270689, 94.05847210270689, 94.05847210270689, 94.05847210270689, 94.05847210270689, 94.05847210270689, 94.05847210270689, 93.5000839553472, 93.5000839553472, 93.5000839553472, 93.5000839553472, 93.5000839553472, 93.5000839553472, 92.97149903837729, 92.97149903837729, 92.97149903837729, 92.97149903837729, 92.97149903837729, 92.97149903837729, 105.92738223861329, 105.06935804032338, 105.06935804032338, 105.06935804032338, 105.06935804032338, 105.06935804032338, 105.06935804032338, 105.06935804032338, 105.06935804032338, 106.0612005779765, 106.0612005779765, 106.0612005779765, 106.0612005779765, 106.0612005779765, 106.0612005779765]","[array([  0., 766., 649., 478., 816., 227.]), array([322., 594., 238., 689., 524., 736., 528., 117.]), array([383., 703., 234., 809., 561., 563.])]","[0.046094417572021484, 0.09303832054138184, 0.14046716690063477, 0.18931913375854492, 0.23738932609558105, 0.2872018814086914, 0.3320810794830322, 0.3788604736328125, 0.4245617389678955, 0.4741017818450928, 0.5201034545898438, 0.5663530826568604, 0.612940788269043, 0.6604022979736328, 0.7049500942230225, 0.7503910064697266, 0.7984035015106201, 0.8456583023071289, 0.8923394680023193, 0.938774585723877, 0.9880397319793701, 1.039069414138794, 1.0878393650054932, 1.1381707191467285, 1.1841375827789307, 1.2319042682647705, 1.279637098312378, 1.3264970779418945, 1.3714308738708496, 1.4218361377716064, 1.4696152210235596, 1.5144116878509521, 1.5585966110229492, 1.605086088180542, 1.6554570198059082, 1.7026879787445068, 1.7469635009765625, 1.7929236888885498, 1.8404855728149414, 1.890211582183838, 1.937912940979004, 1.9866821765899658, 2.0328023433685303, 2.0786006450653076, 2.127455949783325, 2.17496919631958, 2.218947410583496, 2.2672314643859863, 2.3132009506225586, 2.3583526611328125]","[9095, 13082, 10057]","[0, 0, 0, 0, 0, 0, 0, 0, 0, 0, 0, 0, 0, 0, 0, 0, 0, 0, 0, 0, 0, 0, 0, 0, 0, 0, 0, 0, 0, 0, 0, 0, 0, 0, 0, 0, 0, 0, 0, 0, 0, 0, 0, 0, 0, 0, 0, 0, 0, 0]","[['V0', 14, 9, 13, 7, 23, 22], ['V3', 18, 3, 24, 1, 21, 8, 19, 20], ['V4', 25, 11, 17, 12, 16, 4]]","[201.25453138763925, 201.25453138763925, 200.093135839176, 195.89359386694534, 193.11652443894866, 176.71195719296352, 176.71195719296352, 166.1404718801445, 166.1404718801445, 166.1404718801445, 165.21712655321704, 165.10034988853818, 165.10034988853818, 165.10034988853818, 163.47207391382105, 163.47207391382105, 163.0756770707191, 163.0756770707191, 163.0756770707191, 163.0756770707191, 163.0756770707191, 163.0756770707191, 163.0756770707191, 162.75425025920137, 162.75425025920137, 162.75425025920137, 162.75425025920137, 162.75425025920137, 162.75425025920137, 162.4511616185639, 162.4511616185639, 162.4511616185639, 162.4511616185639, 162.4511616185639, 162.4511616185639, 167.56283822008308, 167.02174841454064, 167.02174841454064, 167.02174841454064, 167.02174841454064, 167.02174841454064, 167.02174841454064, 167.02174841454064, 167.02174841454064, 166.78416755141822, 166.78416755141822, 166.78416755141822, 166.78416755141822, 166.78416755141822, 166.78416755141822]"
8,"[[97.36406926482329, 180.63333333333333], [98.10035420509199, 160.7], [101.77769508641596, 144.81666666666666], [101.77769508641596, 144.81666666666666], [97.11825807749652, 147.35], [97.11825807749652, 147.35], [98.57526907847267, 133.21666666666667], [98.57526907847267, 133.21666666666667], [98.57526907847267, 133.21666666666667], [98.57526907847267, 133.21666666666667], [97.8896718580394, 133.21666666666667], [97.8896718580394, 133.21666666666667], [97.8896718580394, 133.21666666666667], [97.8896718580394, 133.21666666666667], [97.77026676637479, 133.21666666666667], [97.77026676637479, 133.21666666666667], [97.77026676637479, 133.21666666666667], [97.77026676637479, 133.21666666666667], [96.34000005399275, 131.53333333333333], [96.34000005399275, 131.53333333333333], [96.34000005399275, 131.53333333333333], [96.34000005399275, 131.53333333333333], [96.34000005399275, 131.53333333333333], [96.34000005399275, 131.53333333333333], [93.34274629514388, 131.53333333333333], [93.34274629514388, 131.53333333333333], [93.34274629514388, 131.53333333333333], [93.34274629514388, 131.53333333333333], [93.34274629514388, 131.53333333333333], [93.34274629514388, 131.53333333333333], [93.34274629514388, 131.53333333333333], [93.34274629514388, 131.53333333333333], [93.34274629514388, 131.53333333333333], [93.34274629514388, 131.53333333333333], [93.34274629514388, 131.53333333333333], [93.34274629514388, 131.53333333333333], [93.34274629514388, 131.53333333333333], [93.34274629514388, 131.53333333333333], [93.34274629514388, 131.53333333333333], [91.44907826970609, 134.5], [91.44907826970609, 134.5], [99.12713615963219, 130.9], [99.12713615963219, 130.9], [93.01663923532885, 134.5], [93.01663923532885, 134.5], [92.63771482586787, 134.5], [92.63771482586787, 134.5], [92.63771482586787, 134.5], [92.51699563827265, 131.53333333333333], [92.51699563827265, 131.53333333333333]]","[122371, 19871, 168018, 75807, 85163]","[97.36406926482329, 98.10035420509199, 101.77769508641596, 101.77769508641596, 97.11825807749652, 97.11825807749652, 98.57526907847267, 98.57526907847267, 98.57526907847267, 98.57526907847267, 97.8896718580394, 97.8896718580394, 97.8896718580394, 97.8896718580394, 97.77026676637479, 97.77026676637479, 97.77026676637479, 97.77026676637479, 96.34000005399275, 96.34000005399275, 96.34000005399275, 96.34000005399275, 96.34000005399275, 96.34000005399275, 93.34274629514388, 93.34274629514388, 93.34274629514388, 93.34274629514388, 93.34274629514388, 93.34274629514388, 93.34274629514388, 93.34274629514388, 93.34274629514388, 93.34274629514388, 93.34274629514388, 93.34274629514388, 93.34274629514388, 93.34274629514388, 93.34274629514388, 91.44907826970609, 91.44907826970609, 99.12713615963219, 99.12713615963219, 93.01663923532885, 93.01663923532885, 92.63771482586787, 92.63771482586787, 92.63771482586787, 92.51699563827265, 92.51699563827265]","[array([  0., 766., 649., 478., 816., 227.]), array([383., 703.]), array([322., 594., 524., 736., 528., 117.]), array([383., 234., 238., 689.]), array([322., 809., 561., 563.])]","[0.04417872428894043, 0.09405827522277832, 0.14208078384399414, 0.19026803970336914, 0.23838353157043457, 0.2871270179748535, 0.33674049377441406, 0.3831014633178711, 0.430652379989624, 0.47710418701171875, 0.5286667346954346, 0.573573112487793, 0.6262493133544922, 0.675593376159668, 0.7217447757720947, 0.7695431709289551, 0.8177316188812256, 0.8633782863616943, 0.9118838310241699, 0.9582438468933105, 1.0077745914459229, 1.0562496185302734, 1.1017608642578125, 1.1498215198516846, 1.196645736694336, 1.246657371520996, 1.2955772876739502, 1.3416404724121094, 1.390676498413086, 1.4368491172790527, 1.4815082550048828, 1.5283534526824951, 1.5796611309051514, 1.628119707107544, 1.6750502586364746, 1.7192323207855225, 1.7664201259613037, 1.8145015239715576, 1.862656831741333, 1.9083225727081299, 1.957465648651123, 2.0060524940490723, 2.054414987564087, 2.101134777069092, 2.150035858154297, 2.1973702907562256, 2.2420361042022705, 2.2909581661224365, 2.3389711380004883, 2.387617826461792]","[9095, 1972, 12087, 5883, 6875]","[0, 0, 0, 0, 0, 0, 0, 0, 0, 0, 0, 0, 0, 0, 0, 0, 0, 0, 0, 0, 0, 0, 0, 0, 0, 0, 0, 0, 0, 0, 0, 0, 0, 0, 0, 0, 0, 0, 0, 0, 0, 0, 0, 0, 0, 0, 0, 0, 0, 0]","[['V0', 14, 9, 13, 7, 23, 22], ['V5', 25, 5], ['V3', 18, 1, 21, 8, 19, 20], ['V4', 11, 3, 24, 2], ['V2', 17, 12, 16, 4]]","[205.20273656780606, 188.27684269491164, 177.00442412987283, 177.00442412987283, 176.47656658040245, 176.47656658040245, 165.72194770660604, 165.72194770660604, 165.72194770660604, 165.72194770660604, 165.31505719157107, 165.31505719157107, 165.31505719157107, 165.31505719157107, 165.24438066495898, 165.24438066495898, 165.24438066495898, 165.24438066495898, 163.04114017075906, 163.04114017075906, 163.04114017075906, 163.04114017075906, 163.04114017075906, 163.04114017075906, 161.28820807392393, 161.28820807392393, 161.28820807392393, 161.28820807392393, 161.28820807392393, 161.28820807392393, 161.28820807392393, 161.28820807392393, 161.28820807392393, 161.28820807392393, 161.28820807392393, 161.28820807392393, 161.28820807392393, 161.28820807392393, 161.28820807392393, 162.64434793861983, 162.64434793861983, 164.19804847564498, 164.19804847564498, 163.5308691795996, 163.5308691795996, 163.31563369181416, 163.31563369181416, 163.31563369181416, 160.81172923549434, 160.81172923549434]"
9,"[[97.56097946435347, 176.05], [112.81984966591389, 152.38333333333333], [112.81984966591389, 152.38333333333333], [95.0091259706367, 158.23333333333332], [96.71418812091352, 155.73333333333332], [96.71418812091352, 155.73333333333332], [96.71418812091352, 155.73333333333332], [96.71418812091352, 155.73333333333332], [96.71418812091352, 155.73333333333332], [96.71418812091352, 155.73333333333332], [96.71418812091352, 155.73333333333332], [96.71418812091352, 155.73333333333332], [96.71418812091352, 155.73333333333332], [96.71418812091352, 155.73333333333332], [97.03390086104676, 151.58333333333334], [97.03390086104676, 151.58333333333334], [97.03390086104676, 151.58333333333334], [97.03390086104676, 151.58333333333334], [82.23078777106204, 151.58333333333334], [82.23078777106204, 151.58333333333334], [82.23078777106204, 151.58333333333334], [94.25849610913346, 143.36666666666667], [94.25849610913346, 143.36666666666667], [93.60009197536019, 143.36666666666667], [87.14088351363147, 142.91666666666666], [87.14088351363147, 142.91666666666666], [87.14088351363147, 142.91666666666666], [87.14088351363147, 142.91666666666666], [87.14088351363147, 142.91666666666666], [87.14088351363147, 142.91666666666666], [87.14088351363147, 142.91666666666666], [87.14088351363147, 142.91666666666666], [94.45658747094737, 136.75], [94.45658747094737, 136.75], [94.45658747094737, 136.75], [94.08694586688645, 136.75], [94.08694586688645, 136.75], [94.08694586688645, 136.75], [92.695673219217, 136.75], [92.695673219217, 136.75], [92.695673219217, 136.75], [92.695673219217, 136.75], [92.695673219217, 136.75], [92.695673219217, 136.75], [92.695673219217, 136.75], [92.1372850718573, 136.75], [92.1372850718573, 136.75], [92.1372850718573, 136.75], [92.1372850718573, 136.75], [92.1372850718573, 136.75]]","[122371, 174850, 48365, 82874]","[97.56097946435347, 112.81984966591389, 112.81984966591389, 95.0091259706367, 96.71418812091352, 96.71418812091352, 96.71418812091352, 96.71418812091352, 96.71418812091352, 96.71418812091352, 96.71418812091352, 96.71418812091352, 96.71418812091352, 96.71418812091352, 97.03390086104676, 97.03390086104676, 97.03390086104676, 97.03390086104676, 82.23078777106204, 82.23078777106204, 82.23078777106204, 94.25849610913346, 94.25849610913346, 93.60009197536019, 87.14088351363147, 87.14088351363147, 87.14088351363147, 87.14088351363147, 87.14088351363147, 87.14088351363147, 87.14088351363147, 87.14088351363147, 94.45658747094737, 94.45658747094737, 94.45658747094737, 94.08694586688645, 94.08694586688645, 94.08694586688645, 92.695673219217, 92.695673219217, 92.695673219217, 92.695673219217, 92.695673219217, 92.695673219217, 92.695673219217, 92.1372850718573, 92.1372850718573, 92.1372850718573, 92.1372850718573, 92.1372850718573]","[array([  0., 766., 649., 478., 816., 227.]), array([322., 238., 689., 524., 736., 528., 117.]), array([322., 594., 234., 703.]), array([383., 809., 561., 563.])]","[0.0435643196105957, 0.09199881553649902, 0.13993477821350098, 0.1871030330657959, 0.23454809188842773, 0.2845127582550049, 0.334348201751709, 0.38223695755004883, 0.4289531707763672, 0.47661614418029785, 0.5250396728515625, 0.5729801654815674, 0.6210529804229736, 0.6688270568847656, 0.7171375751495361, 0.7645368576049805, 0.8111417293548584, 0.8573899269104004, 0.9068713188171387, 0.9506518840789795, 0.9950969219207764, 1.041041374206543, 1.085798978805542, 1.1326134204864502, 1.1775929927825928, 1.2232649326324463, 1.2719557285308838, 1.319488763809204, 1.3660144805908203, 1.4109930992126465, 1.4573051929473877, 1.501594066619873, 1.548234462738037, 1.5951261520385742, 1.6416122913360596, 1.688551902770996, 1.735825777053833, 1.7826590538024902, 1.8294384479522705, 1.8763759136199951, 1.921818733215332, 1.97139310836792, 2.0194246768951416, 2.069514751434326, 2.1178946495056152, 2.1644420623779297, 2.2115256786346436, 2.260260820388794, 2.306394577026367, 2.3537518978118896]","[9095, 13082, 4730, 6674]","[0, 0, 0, 0, 0, 0, 0, 0, 0, 0, 0, 0, 0, 0, 0, 0, 0, 0, 0, 0, 0, 0, 0, 0, 0, 0, 0, 0, 0, 0, 0, 0, 0, 0, 0, 0, 0, 0, 0, 0, 0, 0, 0, 0, 0, 0, 0, 0, 0, 0]","[['V0', 14, 9, 13, 7, 23, 22], ['V2', 3, 24, 1, 21, 8, 19, 20], ['V3', 18, 11, 25, 5], ['V4', 17, 12, 16, 4]]","[201.27530204683336, 189.60221189748071, 189.60221189748071, 184.56576550238694, 183.32077158630594, 183.32077158630594, 183.32077158630594, 183.32077158630594, 183.32077158630594, 183.32077158630594, 183.32077158630594, 183.32077158630594, 183.32077158630594, 183.32077158630594, 179.98079025483776, 179.98079025483776, 179.98079025483776, 179.98079025483776, 172.45117976370557, 172.45117976370557, 172.45117976370557, 171.57699496105718, 171.57699496105718, 171.21617426197503, 167.3878943969587, 167.3878943969587, 167.3878943969587, 167.3878943969587, 167.3878943969587, 167.3878943969587, 167.3878943969587, 167.3878943969587, 166.20050967628447, 166.20050967628447, 166.20050967628447, 165.99071022969454, 165.99071022969454, 165.99071022969454, 165.20608443263785, 165.20608443263785, 165.20608443263785, 165.20608443263785, 165.20608443263785, 165.20608443263785, 165.20608443263785, 164.89342558274632, 164.89342558274632, 164.89342558274632, 164.89342558274632, 164.89342558274632]"
10,"[[91.3732762089472, 205.36666666666667], [98.08419220408922, 152.61666666666667], [98.08419220408922, 152.61666666666667], [98.08419220408922, 152.61666666666667], [97.63065986546573, 151.58333333333334], [100.05176632895393, 142.08333333333334], [100.05176632895393, 142.08333333333334], [100.05176632895393, 142.08333333333334], [100.05176632895393, 142.08333333333334], [100.05176632895393, 142.08333333333334], [100.05176632895393, 142.08333333333334], [99.82765843993828, 142.08333333333334], [93.71411668260464, 142.08333333333334], [93.71411668260464, 142.08333333333334], [93.71411668260464, 142.08333333333334], [93.71411668260464, 142.08333333333334], [93.71411668260464, 142.08333333333334], [90.71540726333745, 142.08333333333334], [94.17000597585576, 138.88333333333333], [94.17000597585576, 138.88333333333333], [90.45956006990338, 137.8], [90.45956006990338, 137.8], [90.45956006990338, 137.8], [90.45956006990338, 137.8], [90.45956006990338, 137.8], [90.45956006990338, 137.8], [90.45956006990338, 137.8], [90.45956006990338, 137.8], [90.45956006990338, 137.8], [89.05307788524121, 137.8], [89.05307788524121, 137.8], [89.05307788524121, 137.8], [95.56515675634799, 131.53333333333333], [95.56515675634799, 131.53333333333333], [95.56515675634799, 131.53333333333333], [95.56515675634799, 131.53333333333333], [94.93811360251772, 131.53333333333333], [94.93811360251772, 131.53333333333333], [93.1930041078453, 131.53333333333333], [93.1930041078453, 131.53333333333333], [93.1930041078453, 131.53333333333333], [93.1930041078453, 131.53333333333333], [93.1930041078453, 131.53333333333333], [93.1930041078453, 131.53333333333333], [93.1930041078453, 131.53333333333333], [93.1930041078453, 131.53333333333333], [93.1930041078453, 131.53333333333333], [93.1930041078453, 131.53333333333333], [93.1930041078453, 131.53333333333333], [93.1930041078453, 131.53333333333333]]","[122371, 121815, 142893, 98083]","[91.3732762089472, 98.08419220408922, 98.08419220408922, 98.08419220408922, 97.63065986546573, 100.05176632895393, 100.05176632895393, 100.05176632895393, 100.05176632895393, 100.05176632895393, 100.05176632895393, 99.82765843993828, 93.71411668260464, 93.71411668260464, 93.71411668260464, 93.71411668260464, 93.71411668260464, 90.71540726333745, 94.17000597585576, 94.17000597585576, 90.45956006990338, 90.45956006990338, 90.45956006990338, 90.45956006990338, 90.45956006990338, 90.45956006990338, 90.45956006990338, 90.45956006990338, 90.45956006990338, 89.05307788524121, 89.05307788524121, 89.05307788524121, 95.56515675634799, 95.56515675634799, 95.56515675634799, 95.56515675634799, 94.93811360251772, 94.93811360251772, 93.1930041078453, 93.1930041078453, 93.1930041078453, 93.1930041078453, 93.1930041078453, 93.1930041078453, 93.1930041078453, 93.1930041078453, 93.1930041078453, 93.1930041078453, 93.1930041078453, 93.1930041078453]","[array([  0., 766., 649., 478., 816., 227.]), array([322., 234., 238., 689., 524., 736.]), array([322., 594., 528., 117.]), array([383., 703., 809., 561., 563.])]","[0.04671144485473633, 0.09428668022155762, 0.1406264305114746, 0.1862032413482666, 0.23379087448120117, 0.27752161026000977, 0.3252880573272705, 0.3752419948577881, 0.4235875606536865, 0.47190165519714355, 0.5190627574920654, 0.5670983791351318, 0.616534948348999, 0.6667437553405762, 0.7151174545288086, 0.7622206211090088, 0.8109674453735352, 0.8568787574768066, 0.903620719909668, 0.9513993263244629, 0.998347282409668, 1.0466549396514893, 1.0927236080169678, 1.139636754989624, 1.1868443489074707, 1.2341878414154053, 1.2839198112487793, 1.3335239887237549, 1.3829216957092285, 1.4301259517669678, 1.4789392948150635, 1.525212049484253, 1.5740337371826172, 1.6208558082580566, 1.667090892791748, 1.7143704891204834, 1.7609906196594238, 1.8128700256347656, 1.8595972061157227, 1.9062423706054688, 1.9513757228851318, 1.9978246688842773, 2.0459742546081543, 2.09250545501709, 2.138091802597046, 2.185542345046997, 2.2368297576904297, 2.2842648029327393, 2.330493927001953, 2.38086199760437]","[9095, 9293, 8627, 7892]","[0, 0, 0, 0, 0, 0, 0, 0, 0, 0, 0, 0, 0, 0, 0, 0, 0, 0, 0, 0, 0, 0, 0, 0, 0, 0, 0, 0, 0, 0, 0, 0, 0, 0, 0, 0, 0, 0, 0, 0, 0, 0, 0, 0, 0, 0, 0, 0, 0, 0]","[['V0', 14, 9, 13, 7, 23, 22], ['V3', 11, 3, 24, 1, 21, 2], ['V2', 18, 8, 19, 20], ['V4', 25, 17, 12, 16, 4]]","[224.77665221934046, 181.4176278777042, 181.4176278777042, 181.4176278777042, 180.30322429233124, 173.77580256369043, 173.77580256369043, 173.77580256369043, 173.77580256369043, 173.77580256369043, 173.77580256369043, 173.6468686752286, 170.20578508591285, 170.20578508591285, 170.20578508591285, 170.20578508591285, 170.20578508591285, 168.5733037170011, 167.79919637254073, 167.79919637254073, 164.8386241390059, 164.8386241390059, 164.8386241390059, 164.8386241390059, 164.8386241390059, 164.8386241390059, 164.8386241390059, 164.8386241390059, 164.8386241390059, 164.07099280748818, 164.07099280748818, 164.07099280748818, 162.58449176856672, 162.58449176856672, 162.58449176856672, 162.58449176856672, 162.2167167470182, 162.2167167470182, 161.20159364107616, 161.20159364107616, 161.20159364107616, 161.20159364107616, 161.20159364107616, 161.20159364107616, 161.20159364107616, 161.20159364107616, 161.20159364107616, 161.20159364107616, 161.20159364107616, 161.20159364107616]"
11,"[[110.11836868026172, 173.55], [108.8723107824525, 150.26666666666668], [108.8723107824525, 150.26666666666668], [108.45365274194738, 150.26666666666668], [106.98855838849093, 142.08333333333334], [106.98855838849093, 142.08333333333334], [105.88430312755253, 142.08333333333334], [105.88430312755253, 142.08333333333334], [105.88430312755253, 142.08333333333334], [105.88430312755253, 142.08333333333334], [105.88430312755253, 142.08333333333334], [94.09787770600047, 145.8], [94.09787770600047, 145.8], [94.09787770600047, 145.8], [94.09787770600047, 145.8], [94.09787770600047, 145.8], [94.09787770600047, 145.8], [94.09787770600047, 145.8], [94.09787770600047, 145.8], [94.09787770600047, 145.8], [94.09787770600047, 145.8], [93.60289679491989, 145.8], [93.60289679491989, 145.8], [92.60887535704214, 145.8], [92.60887535704214, 145.8], [92.60887535704214, 145.8], [92.60887535704214, 145.8], [92.60887535704214, 145.8], [92.60887535704214, 145.8], [92.60887535704214, 145.8], [92.60887535704214, 145.8], [92.60887535704214, 145.8], [92.60887535704214, 145.8], [92.60887535704214, 145.8], [92.60887535704214, 145.8], [80.64601866677015, 152.73333333333332], [80.64601866677015, 152.73333333333332], [80.64601866677015, 152.73333333333332], [80.64601866677015, 152.73333333333332], [95.24106451636808, 139.26666666666668], [95.24106451636808, 139.26666666666668], [95.24106451636808, 139.26666666666668], [95.24106451636808, 139.26666666666668], [94.58759294362551, 139.26666666666668], [87.6538342454786, 142.6], [87.6538342454786, 142.6], [87.6538342454786, 142.6], [87.6538342454786, 142.6], [87.6538342454786, 142.6], [98.85328324317442, 133.21666666666667]]","[122371, 29515, 181841, 111028]","[110.11836868026172, 108.8723107824525, 108.8723107824525, 108.45365274194738, 106.98855838849093, 106.98855838849093, 105.88430312755253, 105.88430312755253, 105.88430312755253, 105.88430312755253, 105.88430312755253, 94.09787770600047, 94.09787770600047, 94.09787770600047, 94.09787770600047, 94.09787770600047, 94.09787770600047, 94.09787770600047, 94.09787770600047, 94.09787770600047, 94.09787770600047, 93.60289679491989, 93.60289679491989, 92.60887535704214, 92.60887535704214, 92.60887535704214, 92.60887535704214, 92.60887535704214, 92.60887535704214, 92.60887535704214, 92.60887535704214, 92.60887535704214, 92.60887535704214, 92.60887535704214, 92.60887535704214, 80.64601866677015, 80.64601866677015, 80.64601866677015, 80.64601866677015, 95.24106451636808, 95.24106451636808, 95.24106451636808, 95.24106451636808, 94.58759294362551, 87.6538342454786, 87.6538342454786, 87.6538342454786, 87.6538342454786, 87.6538342454786, 98.85328324317442]","[array([  0., 766., 649., 478., 816., 227.]), array([322., 703.]), array([383., 689., 524., 736., 528., 117.]), array([322., 234., 594., 238., 809., 561., 563.])]","[0.047193050384521484, 0.09368109703063965, 0.14420700073242188, 0.1937117576599121, 0.24262189865112305, 0.2927370071411133, 0.34038591384887695, 0.3882789611816406, 0.43793725967407227, 0.4862689971923828, 0.5326640605926514, 0.5795233249664307, 0.6278741359710693, 0.6740186214447021, 0.7188801765441895, 0.7687108516693115, 0.8155841827392578, 0.8625593185424805, 0.9109377861022949, 0.9585485458374023, 1.0045437812805176, 1.05143404006958, 1.0994513034820557, 1.1454391479492188, 1.1934082508087158, 1.2473516464233398, 1.296449899673462, 1.3443996906280518, 1.3914239406585693, 1.4351537227630615, 1.482292890548706, 1.5304012298583984, 1.5794105529785156, 1.6246683597564697, 1.6700317859649658, 1.717550277709961, 1.764559030532837, 1.811647891998291, 1.8599164485931396, 1.9072680473327637, 1.9527463912963867, 2.001690626144409, 2.0468475818634033, 2.0939483642578125, 2.140353202819824, 2.1908204555511475, 2.241219997406006, 2.289323329925537, 2.338743209838867, 2.3862345218658447]","[9095, 2580, 12627, 9266]","[0, 0, 0, 0, 0, 0, 0, 0, 0, 0, 0, 0, 0, 0, 0, 0, 0, 0, 0, 0, 0, 0, 0, 0, 0, 0, 0, 0, 0, 0, 0, 0, 0, 0, 0, 0, 0, 0, 0, 0, 0, 0, 0, 0, 0, 0, 0, 0, 0, 0]","[['V1', 14, 9, 13, 7, 23, 22], ['V3', 25, 5], ['V5', 24, 1, 21, 8, 19, 20], ['V2', 11, 18, 3, 17, 12, 16, 4]]","[205.53748470972891, 185.5619873956464, 185.5619873956464, 185.3166638599509, 177.8601282951259, 177.8601282951259, 177.19807916543155, 177.19807916543155, 177.19807916543155, 177.19807916543155, 177.19807916543155, 173.5282414731776, 173.5282414731776, 173.5282414731776, 173.5282414731776, 173.5282414731776, 173.5282414731776, 173.5282414731776, 173.5282414731776, 173.5282414731776, 173.5282414731776, 173.26033097163477, 173.26033097163477, 172.72534207491432, 172.72534207491432, 172.72534207491432, 172.72534207491432, 172.72534207491432, 172.72534207491432, 172.72534207491432, 172.72534207491432, 172.72534207491432, 172.72534207491432, 172.72534207491432, 172.72534207491432, 172.7172586567774, 172.7172586567774, 172.7172586567774, 172.7172586567774, 168.71889288000747, 168.71889288000747, 168.71889288000747, 168.71889288000747, 168.35087520804115, 167.3856465110848, 167.3856465110848, 167.3856465110848, 167.3856465110848, 167.3856465110848, 165.88746753667996]"
12,"[[110.35930174842034, 193.2], [113.76311668876657, 169.63333333333333], [105.79556416586095, 162.06666666666666], [94.62147551977779, 150.33333333333334], [87.72293217624623, 147.35], [87.72293217624623, 147.35], [89.40941957233568, 142.08333333333334], [89.40941957233568, 142.08333333333334], [89.40941957233568, 142.08333333333334], [89.40941957233568, 142.08333333333334], [89.40941957233568, 142.08333333333334], [89.40941957233568, 142.08333333333334], [88.79940893841771, 142.08333333333334], [88.79940893841771, 142.08333333333334], [88.79940893841771, 142.08333333333334], [88.79940893841771, 142.08333333333334], [87.38956734076444, 142.08333333333334], [87.38956734076444, 142.08333333333334], [87.38956734076444, 142.08333333333334], [87.38956734076444, 142.08333333333334], [92.59934510878365, 137.8], [92.59934510878365, 137.8], [92.59934510878365, 137.8], [92.59934510878365, 137.8], [92.59934510878365, 137.8], [91.38208009010754, 137.8], [91.38208009010754, 137.8], [91.38208009010754, 137.8], [93.63605616478299, 130.31666666666666], [93.63605616478299, 130.31666666666666], [93.63605616478299, 130.31666666666666], [93.63605616478299, 130.31666666666666], [93.63605616478299, 130.31666666666666], [93.63605616478299, 130.31666666666666], [93.63605616478299, 130.31666666666666], [91.87807774950384, 130.31666666666666], [91.87807774950384, 130.31666666666666], [91.87807774950384, 130.31666666666666], [91.87807774950384, 130.31666666666666], [91.87807774950384, 130.31666666666666], [91.87807774950384, 130.31666666666666], [91.87807774950384, 130.31666666666666], [91.87807774950384, 130.31666666666666], [91.87807774950384, 130.31666666666666], [91.87807774950384, 130.31666666666666], [91.87807774950384, 130.31666666666666], [91.87807774950384, 130.31666666666666], [91.87807774950384, 130.31666666666666], [91.80051601651141, 130.31666666666666], [91.80051601651141, 130.31666666666666]]","[79915, 86932, 113054, 150511, 98814]","[110.35930174842034, 113.76311668876657, 105.79556416586095, 94.62147551977779, 87.72293217624623, 87.72293217624623, 89.40941957233568, 89.40941957233568, 89.40941957233568, 89.40941957233568, 89.40941957233568, 89.40941957233568, 88.79940893841771, 88.79940893841771, 88.79940893841771, 88.79940893841771, 87.38956734076444, 87.38956734076444, 87.38956734076444, 87.38956734076444, 92.59934510878365, 92.59934510878365, 92.59934510878365, 92.59934510878365, 92.59934510878365, 91.38208009010754, 91.38208009010754, 91.38208009010754, 93.63605616478299, 93.63605616478299, 93.63605616478299, 93.63605616478299, 93.63605616478299, 93.63605616478299, 93.63605616478299, 91.87807774950384, 91.87807774950384, 91.87807774950384, 91.87807774950384, 91.87807774950384, 91.87807774950384, 91.87807774950384, 91.87807774950384, 91.87807774950384, 91.87807774950384, 91.87807774950384, 91.87807774950384, 91.87807774950384, 91.80051601651141, 91.80051601651141]","[array([  0., 766., 649.]), array([  0., 478., 816., 227.]), array([322., 594., 238., 689., 736., 524.]), array([383., 703., 528., 117.]), array([322., 234., 809., 561., 563.])]","[0.045618534088134766, 0.09343886375427246, 0.14009499549865723, 0.1875476837158203, 0.23549723625183105, 0.2801027297973633, 0.32918691635131836, 0.37602972984313965, 0.42353272438049316, 0.47028160095214844, 0.516493558883667, 0.5617470741271973, 0.6069409847259521, 0.654325008392334, 0.7006604671478271, 0.7493257522583008, 0.7983670234680176, 0.8449532985687256, 0.8919897079467773, 0.9381492137908936, 0.9864363670349121, 1.0333328247070312, 1.081007480621338, 1.1270751953125, 1.1743571758270264, 1.2242534160614014, 1.271613597869873, 1.319117546081543, 1.3649306297302246, 1.4136126041412354, 1.4582104682922363, 1.504525899887085, 1.55069899559021, 1.5996885299682617, 1.6464323997497559, 1.6947853565216064, 1.74454665184021, 1.7924399375915527, 1.8410899639129639, 1.8882110118865967, 1.9354686737060547, 1.9837002754211426, 2.032989025115967, 2.080991268157959, 2.129014730453491, 2.1776633262634277, 2.2239835262298584, 2.2705938816070557, 2.317185163497925, 2.3625035285949707]","[5323, 6323, 8575, 9034, 8206]","[0, 0, 0, 0, 0, 0, 0, 0, 0, 0, 0, 0, 0, 0, 0, 0, 0, 0, 0, 0, 0, 0, 0, 0, 0, 0, 0, 0, 0, 0, 0, 0, 0, 0, 0, 0, 0, 0, 0, 0, 0, 0, 0, 0, 0, 0, 0, 0, 0, 0]","[['V1', 14, 9, 2], ['V0', 13, 7, 23, 22], ['V2', 18, 3, 24, 21, 1, 2], ['V4', 25, 8, 19, 20], ['V3', 11, 17, 12, 16, 4]]","[222.49812467164503, 204.24865849380674, 193.54148351611147, 177.63258355563886, 171.48567091625554, 171.48567091625554, 167.87411330926838, 167.87411330926838, 167.87411330926838, 167.87411330926838, 167.87411330926838, 167.87411330926838, 167.55001831967508, 167.55001831967508, 167.55001831967508, 167.55001831967508, 166.80710443838151, 166.80710443838151, 166.80710443838151, 166.80710443838151, 166.02252472051984, 166.02252472051984, 166.02252472051984, 166.02252472051984, 166.02252472051984, 165.34667992310833, 165.34667992310833, 165.34667992310833, 160.46851599365374, 160.46851599365374, 160.46851599365374, 160.46851599365374, 160.46851599365374, 160.46851599365374, 160.46851599365374, 159.44909777748816, 159.44909777748816, 159.44909777748816, 159.44909777748816, 159.44909777748816, 159.44909777748816, 159.44909777748816, 159.44909777748816, 159.44909777748816, 159.44909777748816, 159.44909777748816, 159.44909777748816, 159.44909777748816, 159.4044176050616, 159.4044176050616]"
13,"[[113.26055520578014, 158.48333333333332], [112.1497467412931, 157.93333333333334], [109.23250312246327, 156.13333333333333], [107.27259844079893, 156.13333333333333], [107.27259844079893, 156.13333333333333], [107.27259844079893, 156.13333333333333], [105.12542182372447, 153.53333333333333], [105.12542182372447, 153.53333333333333], [100.94689461676413, 153.53333333333333], [100.94689461676413, 153.53333333333333], [100.94689461676413, 153.53333333333333], [100.94292175487391, 153.53333333333333], [100.94292175487391, 153.53333333333333], [99.98544039188816, 150.26666666666668], [99.98544039188816, 150.26666666666668], [99.98544039188816, 150.26666666666668], [99.98544039188816, 150.26666666666668], [99.98544039188816, 150.26666666666668], [99.98544039188816, 150.26666666666668], [99.98544039188816, 150.26666666666668], [98.60989191007023, 150.26666666666668], [98.60989191007023, 150.26666666666668], [98.60989191007023, 150.26666666666668], [98.28353160608911, 150.26666666666668], [98.28353160608911, 150.26666666666668], [98.28353160608911, 150.26666666666668], [98.28353160608911, 150.26666666666668], [98.28353160608911, 150.26666666666668], [98.28353160608911, 150.26666666666668], [98.28353160608911, 150.26666666666668], [98.28353160608911, 150.26666666666668], [100.41408723070191, 133.71666666666667], [100.41408723070191, 133.71666666666667], [100.41408723070191, 133.71666666666667], [89.02003637171507, 130.31666666666666], [89.02003637171507, 130.31666666666666], [88.92848736314222, 130.31666666666666], [88.92848736314222, 130.31666666666666], [88.92848736314222, 130.31666666666666], [88.92848736314222, 130.31666666666666], [88.92848736314222, 130.31666666666666], [88.92848736314222, 130.31666666666666], [88.92848736314222, 130.31666666666666], [88.92848736314222, 130.31666666666666], [88.92848736314222, 130.31666666666666], [88.92848736314222, 130.31666666666666], [88.92848736314222, 130.31666666666666], [88.92848736314222, 130.31666666666666], [88.92848736314222, 130.31666666666666], [88.92848736314222, 130.31666666666666]]","[159943, 86932, 142580, 123156]","[113.26055520578014, 112.1497467412931, 109.23250312246327, 107.27259844079893, 107.27259844079893, 107.27259844079893, 105.12542182372447, 105.12542182372447, 100.94689461676413, 100.94689461676413, 100.94689461676413, 100.94292175487391, 100.94292175487391, 99.98544039188816, 99.98544039188816, 99.98544039188816, 99.98544039188816, 99.98544039188816, 99.98544039188816, 99.98544039188816, 98.60989191007023, 98.60989191007023, 98.60989191007023, 98.28353160608911, 98.28353160608911, 98.28353160608911, 98.28353160608911, 98.28353160608911, 98.28353160608911, 98.28353160608911, 98.28353160608911, 100.41408723070191, 100.41408723070191, 100.41408723070191, 89.02003637171507, 89.02003637171507, 88.92848736314222, 88.92848736314222, 88.92848736314222, 88.92848736314222, 88.92848736314222, 88.92848736314222, 88.92848736314222, 88.92848736314222, 88.92848736314222, 88.92848736314222, 88.92848736314222, 88.92848736314222, 88.92848736314222, 88.92848736314222]","[array([  0., 766., 649., 117.]), array([  0., 478., 816., 227.]), array([322., 594., 238., 689., 736., 528., 524.]), array([383., 703., 234., 809., 561., 563.])]","[0.044940948486328125, 0.09091424942016602, 0.13835382461547852, 0.1882772445678711, 0.23598337173461914, 0.2836272716522217, 0.3314530849456787, 0.3781929016113281, 0.42491698265075684, 0.4717864990234375, 0.5190985202789307, 0.5673632621765137, 0.6215534210205078, 0.6687657833099365, 0.7165820598602295, 0.7689497470855713, 0.8178355693817139, 0.8624923229217529, 0.9090898036956787, 0.9581780433654785, 1.0092887878417969, 1.0593454837799072, 1.1086540222167969, 1.1562891006469727, 1.2063937187194824, 1.2507834434509277, 1.300248622894287, 1.3451120853424072, 1.393979549407959, 1.4419679641723633, 1.4902350902557373, 1.5395092964172363, 1.589775562286377, 1.639721393585205, 1.686438798904419, 1.7344377040863037, 1.7809438705444336, 1.829038381576538, 1.8763980865478516, 1.9255685806274414, 1.9743120670318604, 2.021317720413208, 2.069988250732422, 2.1175613403320312, 2.1702606678009033, 2.2174277305603027, 2.264904022216797, 2.3156256675720215, 2.3630576133728027, 2.410451650619507]","[10100, 6323, 10472, 10057]","[0, 0, 0, 0, 0, 0, 0, 0, 0, 0, 0, 0, 0, 0, 0, 0, 0, 0, 0, 0, 0, 0, 0, 0, 0, 0, 0, 0, 0, 0, 0, 0, 0, 0, 0, 0, 0, 0, 0, 0, 0, 0, 0, 0, 0, 0, 0, 0, 0, 0]","[['V0', 14, 9, 19, 20], ['V1', 13, 7, 23, 22], ['V2', 18, 3, 24, 21, 8, 1, 2], ['V4', 25, 11, 17, 12, 16, 4]]","[194.79455924118108, 193.70209981286717, 190.5501443614691, 189.43343990441252, 189.43343990441252, 189.43343990441252, 186.0748203225263, 186.0748203225263, 183.74645568612343, 183.74645568612343, 183.74645568612343, 183.74427309947657, 183.74427309947657, 180.49143858219685, 180.49143858219685, 180.49143858219685, 180.49143858219685, 180.49143858219685, 180.49143858219685, 180.49143858219685, 179.73308513912193, 179.73308513912193, 179.73308513912193, 179.55423608502315, 179.55423608502315, 179.55423608502315, 179.55423608502315, 179.55423608502315, 179.55423608502315, 179.55423608502315, 179.55423608502315, 167.22181633632454, 167.22181633632454, 167.22181633632454, 157.81951871277704, 157.81951871277704, 157.7678974817363, 157.7678974817363, 157.7678974817363, 157.7678974817363, 157.7678974817363, 157.7678974817363, 157.7678974817363, 157.7678974817363, 157.7678974817363, 157.7678974817363, 157.7678974817363, 157.7678974817363, 157.7678974817363, 157.7678974817363]"
14,"[[97.51812090098059, 176.05], [97.51812090098059, 176.05], [102.88193141800042, 152.61666666666667], [92.01494792358181, 152.61666666666667], [92.01494792358181, 152.61666666666667], [92.01494792358181, 152.61666666666667], [92.01494792358181, 152.61666666666667], [92.01494792358181, 152.61666666666667], [105.26333174020166, 133.21666666666667], [104.7475262480344, 133.21666666666667], [104.7475262480344, 133.21666666666667], [103.57496377067159, 133.21666666666667], [103.57496377067159, 133.21666666666667], [103.57496377067159, 133.21666666666667], [92.408987160361, 133.21666666666667], [92.408987160361, 133.21666666666667], [92.408987160361, 133.21666666666667], [92.408987160361, 133.21666666666667], [92.408987160361, 133.21666666666667], [89.7134615236021, 133.21666666666667], [89.7134615236021, 133.21666666666667], [89.7134615236021, 133.21666666666667], [89.7134615236021, 133.21666666666667], [89.7134615236021, 133.21666666666667], [88.64178683349459, 135.05], [88.64178683349459, 135.05], [88.64178683349459, 135.05], [88.42785704394494, 135.05], [88.42785704394494, 135.05], [88.42785704394494, 135.05], [88.42785704394494, 135.05], [88.42785704394494, 135.05], [88.42785704394494, 135.05], [88.42785704394494, 135.05], [88.42785704394494, 135.05], [88.42785704394494, 135.05], [88.42785704394494, 135.05], [86.12674495848366, 135.05], [86.12674495848366, 135.05], [86.12674495848366, 135.05], [86.12674495848366, 135.05], [86.12674495848366, 135.05], [86.12674495848366, 135.05], [86.12674495848366, 135.05], [86.12674495848366, 135.05], [86.12674495848366, 135.05], [86.12674495848366, 135.05], [86.12674495848366, 135.05], [86.12674495848366, 135.05], [94.5951961895725, 129.86666666666667]]","[122371, 168298, 66394, 98083]","[97.51812090098059, 97.51812090098059, 102.88193141800042, 92.01494792358181, 92.01494792358181, 92.01494792358181, 92.01494792358181, 92.01494792358181, 105.26333174020166, 104.7475262480344, 104.7475262480344, 103.57496377067159, 103.57496377067159, 103.57496377067159, 92.408987160361, 92.408987160361, 92.408987160361, 92.408987160361, 92.408987160361, 89.7134615236021, 89.7134615236021, 89.7134615236021, 89.7134615236021, 89.7134615236021, 88.64178683349459, 88.64178683349459, 88.64178683349459, 88.42785704394494, 88.42785704394494, 88.42785704394494, 88.42785704394494, 88.42785704394494, 88.42785704394494, 88.42785704394494, 88.42785704394494, 88.42785704394494, 88.42785704394494, 86.12674495848366, 86.12674495848366, 86.12674495848366, 86.12674495848366, 86.12674495848366, 86.12674495848366, 86.12674495848366, 86.12674495848366, 86.12674495848366, 86.12674495848366, 86.12674495848366, 86.12674495848366, 94.5951961895725]","[array([  0., 766., 649., 478., 816., 227.]), array([322., 594., 238., 524., 736., 528., 117.]), array([322., 234., 689.]), array([383., 703., 809., 561., 563.])]","[0.0439603328704834, 0.09255266189575195, 0.14027976989746094, 0.18703389167785645, 0.23323583602905273, 0.28000354766845703, 0.32854151725769043, 0.37928342819213867, 0.42513346672058105, 0.4737510681152344, 0.5207247734069824, 0.5685665607452393, 0.6162769794464111, 0.6615073680877686, 0.7091288566589355, 0.7559859752655029, 0.8047783374786377, 0.8529212474822998, 0.9003915786743164, 0.9486083984375, 0.9969851970672607, 1.042870283126831, 1.0881714820861816, 1.1350629329681396, 1.1832449436187744, 1.2307651042938232, 1.2795906066894531, 1.3277132511138916, 1.3768243789672852, 1.4267377853393555, 1.473362684249878, 1.519017219543457, 1.5659921169281006, 1.613147497177124, 1.6609091758728027, 1.7066986560821533, 1.753730058670044, 1.8006443977355957, 1.8478693962097168, 1.8938820362091064, 1.9400174617767334, 1.9854252338409424, 2.0307416915893555, 2.0757908821105957, 2.1209189891815186, 2.1671371459960938, 2.2122433185577393, 2.2586140632629395, 2.3050785064697266, 2.3527541160583496]","[9095, 12334, 4991, 7892]","[0, 0, 0, 0, 0, 0, 0, 0, 0, 0, 0, 0, 0, 0, 0, 0, 0, 0, 0, 0, 0, 0, 0, 0, 0, 0, 0, 0, 0, 0, 0, 0, 0, 0, 0, 0, 0, 0, 0, 0, 0, 0, 0, 0, 0, 0, 0, 0, 0, 0]","[['V0', 14, 9, 13, 7, 23, 22], ['V2', 18, 3, 1, 21, 8, 19, 20], ['V3', 11, 24, 2], ['V4', 25, 17, 12, 16, 4]]","[201.25453138763925, 201.25453138763925, 184.05580337697202, 178.2094205866343, 178.2094205866343, 178.2094205866343, 178.2094205866343, 178.2094205866343, 169.7853035065919, 169.46599816146139, 169.46599816146139, 168.7437506927996, 168.7437506927996, 168.7437506927996, 162.12988985927777, 162.12988985927777, 162.12988985927777, 162.12988985927777, 162.12988985927777, 160.60879632300535, 160.60879632300535, 160.60879632300535, 160.60879632300535, 160.60879632300535, 161.54215819108862, 161.54215819108862, 161.54215819108862, 161.4248692159432, 161.4248692159432, 161.4248692159432, 161.4248692159432, 161.4248692159432, 161.4248692159432, 161.4248692159432, 161.4248692159432, 161.4248692159432, 161.4248692159432, 160.175899239379, 160.175899239379, 160.175899239379, 160.175899239379, 160.175899239379, 160.175899239379, 160.175899239379, 160.175899239379, 160.175899239379, 160.175899239379, 160.175899239379, 160.175899239379, 160.66612042759616]"
15,"[[97.51812090098059, 176.05], [102.36057175417693, 147.78333333333333], [105.41468757475984, 138.8], [105.41468757475984, 138.8], [105.41468757475984, 138.8], [105.41468757475984, 138.8], [104.456846395548, 135.56666666666666], [100.71472026817234, 135.56666666666666], [100.71472026817234, 135.56666666666666], [105.26430976587724, 131.53333333333333], [105.26430976587724, 131.53333333333333], [105.26430976587724, 131.53333333333333], [105.26430976587724, 131.53333333333333], [95.4354839195793, 135.05], [93.32076764006631, 135.05], [105.26430976587724, 131.53333333333333], [98.5132665843183, 131.53333333333333], [98.5132665843183, 131.53333333333333], [98.5132665843183, 131.53333333333333], [98.5132665843183, 131.53333333333333], [98.5132665843183, 131.53333333333333], [98.5132665843183, 131.53333333333333], [98.5132665843183, 131.53333333333333], [98.5132665843183, 131.53333333333333], [98.5132665843183, 131.53333333333333], [98.5132665843183, 131.53333333333333], [98.5132665843183, 131.53333333333333], [98.5132665843183, 131.53333333333333], [98.5132665843183, 131.53333333333333], [98.5132665843183, 131.53333333333333], [98.5132665843183, 131.53333333333333], [98.5132665843183, 131.53333333333333], [98.5132665843183, 131.53333333333333], [98.5132665843183, 131.53333333333333], [98.5132665843183, 131.53333333333333], [94.24709672127088, 131.53333333333333], [94.24709672127088, 131.53333333333333], [94.24709672127088, 131.53333333333333], [94.24709672127088, 131.53333333333333], [94.24709672127088, 131.53333333333333], [94.24709672127088, 131.53333333333333], [93.68670788292133, 131.53333333333333], [93.68670788292133, 131.53333333333333], [93.68670788292133, 131.53333333333333], [93.68670788292133, 131.53333333333333], [93.68670788292133, 131.53333333333333], [93.68670788292133, 131.53333333333333], [93.68670788292133, 131.53333333333333], [93.68670788292133, 131.53333333333333], [93.68670788292133, 131.53333333333333]]","[122371, 109948, 135302, 77016, 98083]","[97.51812090098059, 102.36057175417693, 105.41468757475984, 105.41468757475984, 105.41468757475984, 105.41468757475984, 104.456846395548, 100.71472026817234, 100.71472026817234, 105.26430976587724, 105.26430976587724, 105.26430976587724, 105.26430976587724, 95.4354839195793, 93.32076764006631, 105.26430976587724, 98.5132665843183, 98.5132665843183, 98.5132665843183, 98.5132665843183, 98.5132665843183, 98.5132665843183, 98.5132665843183, 98.5132665843183, 98.5132665843183, 98.5132665843183, 98.5132665843183, 98.5132665843183, 98.5132665843183, 98.5132665843183, 98.5132665843183, 98.5132665843183, 98.5132665843183, 98.5132665843183, 98.5132665843183, 94.24709672127088, 94.24709672127088, 94.24709672127088, 94.24709672127088, 94.24709672127088, 94.24709672127088, 93.68670788292133, 93.68670788292133, 93.68670788292133, 93.68670788292133, 93.68670788292133, 93.68670788292133, 93.68670788292133, 93.68670788292133, 93.68670788292133]","[array([  0., 766., 649., 478., 816., 227.]), array([322., 594., 238., 689., 736.]), array([383., 528., 117.]), array([322., 234., 524.]), array([383., 703., 809., 561., 563.])]","[0.04590892791748047, 0.09435439109802246, 0.13759183883666992, 0.18927264213562012, 0.2439250946044922, 0.29952478408813477, 0.3533763885498047, 0.4007115364074707, 0.44864892959594727, 0.5007500648498535, 0.5486843585968018, 0.5958957672119141, 0.6437592506408691, 0.691274881362915, 0.739344596862793, 0.7877700328826904, 0.8375473022460938, 0.8871655464172363, 0.9348537921905518, 0.9801411628723145, 1.0277762413024902, 1.0738844871520996, 1.1232340335845947, 1.1706008911132812, 1.2192115783691406, 1.2692055702209473, 1.3195602893829346, 1.3659844398498535, 1.4168779850006104, 1.4693458080291748, 1.515848159790039, 1.5626177787780762, 1.6124508380889893, 1.6633234024047852, 1.710418701171875, 1.7550349235534668, 1.8015007972717285, 1.853264570236206, 1.8996882438659668, 1.9510927200317383, 1.9956786632537842, 2.0412633419036865, 2.0911521911621094, 2.138901948928833, 2.1875665187835693, 2.231492280960083, 2.279587984085083, 2.3274178504943848, 2.376816511154175, 2.424358367919922]","[9095, 7806, 7792, 5826, 7892]","[0, 0, 0, 0, 0, 0, 0, 0, 0, 0, 0, 0, 0, 0, 0, 0, 0, 0, 0, 0, 0, 0, 0, 0, 0, 0, 0, 0, 0, 0, 0, 0, 0, 0, 0, 0, 0, 0, 0, 0, 0, 0, 0, 0, 0, 0, 0, 0, 0, 0]","[['V1', 14, 9, 13, 7, 23, 22], ['V2', 18, 3, 24, 21, 2], ['V4', 8, 19, 20], ['V3', 11, 1, 2], ['V5', 25, 17, 12, 16, 4]]","[201.25453138763925, 179.77096612343473, 174.29198592156848, 174.29198592156848, 174.29198592156848, 174.29198592156848, 171.14191149456704, 168.8839127620133, 168.8839127620133, 168.46837296140882, 168.46837296140882, 168.46837296140882, 168.46837296140882, 165.36757267059429, 164.15623099027113, 168.46837296140882, 164.33466302302367, 164.33466302302367, 164.33466302302367, 164.33466302302367, 164.33466302302367, 164.33466302302367, 164.33466302302367, 164.33466302302367, 164.33466302302367, 164.33466302302367, 164.33466302302367, 164.33466302302367, 164.33466302302367, 164.33466302302367, 164.33466302302367, 164.33466302302367, 164.33466302302367, 164.33466302302367, 164.33466302302367, 161.81326589055166, 161.81326589055166, 161.81326589055166, 161.81326589055166, 161.81326589055166, 161.81326589055166, 161.48751348546307, 161.48751348546307, 161.48751348546307, 161.48751348546307, 161.48751348546307, 161.48751348546307, 161.48751348546307, 161.48751348546307, 161.48751348546307]"
16,"[[93.859232919565, 190.45], [92.96645995486949, 185.36666666666667], [101.56213592113453, 168.95], [94.83518549031396, 172.7], [95.65575075816685, 158.31666666666666], [95.65575075816685, 158.31666666666666], [95.65575075816685, 158.31666666666666], [95.37501402212109, 158.31666666666666], [94.46217950574908, 158.31666666666666], [99.67899853172052, 152.61666666666667], [99.67899853172052, 152.61666666666667], [99.67899853172052, 152.61666666666667], [91.08059362803053, 151.58333333333334], [84.79523514626163, 151.58333333333334], [80.6378328093466, 151.58333333333334], [80.6378328093466, 151.58333333333334], [80.6378328093466, 151.58333333333334], [80.6378328093466, 151.58333333333334], [80.6378328093466, 151.58333333333334], [80.6378328093466, 151.58333333333334], [80.6378328093466, 151.58333333333334], [80.6378328093466, 151.58333333333334], [88.52240348677171, 142.08333333333334], [88.52240348677171, 142.08333333333334], [88.40299839510709, 142.08333333333334], [88.40299839510709, 142.08333333333334], [88.40299839510709, 142.08333333333334], [88.40299839510709, 142.08333333333334], [88.40299839510709, 142.08333333333334], [88.40299839510709, 142.08333333333334], [88.40299839510709, 142.08333333333334], [88.40299839510709, 142.08333333333334], [88.40299839510709, 142.08333333333334], [88.40299839510709, 142.08333333333334], [88.40299839510709, 142.08333333333334], [88.40299839510709, 142.08333333333334], [88.40299839510709, 142.08333333333334], [88.40299839510709, 142.08333333333334], [92.4017637259541, 138.7], [90.40054028757797, 137.8], [90.40054028757797, 137.8], [90.40054028757797, 137.8], [90.40054028757797, 137.8], [90.40054028757797, 137.8], [90.40054028757797, 137.8], [90.40054028757797, 137.8], [90.40054028757797, 137.8], [90.40054028757797, 137.8], [90.40054028757797, 137.8], [90.40054028757797, 137.8]]","[79915, 86932, 113080, 135302, 61595, 82874]","[93.859232919565, 92.96645995486949, 101.56213592113453, 94.83518549031396, 95.65575075816685, 95.65575075816685, 95.65575075816685, 95.37501402212109, 94.46217950574908, 99.67899853172052, 99.67899853172052, 99.67899853172052, 91.08059362803053, 84.79523514626163, 80.6378328093466, 80.6378328093466, 80.6378328093466, 80.6378328093466, 80.6378328093466, 80.6378328093466, 80.6378328093466, 80.6378328093466, 88.52240348677171, 88.52240348677171, 88.40299839510709, 88.40299839510709, 88.40299839510709, 88.40299839510709, 88.40299839510709, 88.40299839510709, 88.40299839510709, 88.40299839510709, 88.40299839510709, 88.40299839510709, 88.40299839510709, 88.40299839510709, 88.40299839510709, 88.40299839510709, 92.4017637259541, 90.40054028757797, 90.40054028757797, 90.40054028757797, 90.40054028757797, 90.40054028757797, 90.40054028757797, 90.40054028757797, 90.40054028757797, 90.40054028757797, 90.40054028757797, 90.40054028757797]","[array([  0., 766., 649.]), array([  0., 478., 816., 227.]), array([322., 594., 689., 524., 736.]), array([383., 528., 117.]), array([322., 238., 234., 703.]), array([383., 809., 561., 563.])]","[0.04523348808288574, 0.09413719177246094, 0.1428060531616211, 0.19267749786376953, 0.23825383186340332, 0.28682994842529297, 0.33370018005371094, 0.37926411628723145, 0.4276120662689209, 0.4771280288696289, 0.5254678726196289, 0.5723013877868652, 0.6186850070953369, 0.66568922996521, 0.7110621929168701, 0.7570445537567139, 0.8060774803161621, 0.8529670238494873, 0.8996927738189697, 0.9488487243652344, 0.9974236488342285, 1.0466718673706055, 1.094367504119873, 1.139909267425537, 1.1891016960144043, 1.2370185852050781, 1.284172534942627, 1.3307180404663086, 1.3783717155456543, 1.4271879196166992, 1.4744198322296143, 1.5219166278839111, 1.568610429763794, 1.6144695281982422, 1.6613011360168457, 1.7088561058044434, 1.7556233406066895, 1.801133394241333, 1.8519940376281738, 1.9032459259033203, 1.9514307975769043, 1.999720811843872, 2.0527806282043457, 2.1015098094940186, 2.151797294616699, 2.2010507583618164, 2.248041868209839, 2.296382427215576, 2.3419013023376465, 2.3891103267669678]","[5323, 6323, 8268, 7792, 5558, 6674]","[0, 0, 0, 0, 0, 0, 0, 0, 0, 0, 0, 0, 0, 0, 0, 0, 0, 0, 0, 0, 0, 0, 0, 0, 0, 0, 0, 0, 0, 0, 0, 0, 0, 0, 0, 0, 0, 0, 0, 0, 0, 0, 0, 0, 0, 0, 0, 0, 0, 0]","[['V1', 14, 9, 2], ['V0', 13, 7, 23, 22], ['V3', 18, 24, 1, 21, 2], ['V4', 8, 19, 20], ['V2', 3, 11, 25, 5], ['V5', 17, 12, 16, 4]]","[212.32229770857595, 207.3730064103124, 197.12678649250842, 197.02538518419968, 184.97078038856023, 184.97078038856023, 184.97078038856023, 184.82575644147718, 184.35636767256184, 182.28480378992427, 182.28480378992427, 182.28480378992427, 176.8422502686473, 173.6886261329574, 171.69731222308806, 171.69731222308806, 171.69731222308806, 171.69731222308806, 171.69731222308806, 171.69731222308806, 171.69731222308806, 171.69731222308806, 167.40337371207883, 167.40337371207883, 167.34026334494763, 167.34026334494763, 167.34026334494763, 167.34026334494763, 167.34026334494763, 167.34026334494763, 167.34026334494763, 167.34026334494763, 167.34026334494763, 167.34026334494763, 167.34026334494763, 167.34026334494763, 167.34026334494763, 167.34026334494763, 166.66066104413196, 164.80624285592464, 164.80624285592464, 164.80624285592464, 164.80624285592464, 164.80624285592464, 164.80624285592464, 164.80624285592464, 164.80624285592464, 164.80624285592464, 164.80624285592464, 164.80624285592464]"
17,"[[111.26440248166125, 180.78333333333333], [92.64637952022898, 152.61666666666667], [92.64637952022898, 152.61666666666667], [92.64637952022898, 152.61666666666667], [89.86551882692379, 152.61666666666667], [89.86551882692379, 152.61666666666667], [87.74618015504808, 152.61666666666667], [87.74618015504808, 152.61666666666667], [87.74618015504808, 152.61666666666667], [87.74618015504808, 152.61666666666667], [87.74618015504808, 152.61666666666667], [86.3075451734938, 152.61666666666667], [86.3075451734938, 152.61666666666667], [86.3075451734938, 152.61666666666667], [86.3075451734938, 152.61666666666667], [86.3075451734938, 152.61666666666667], [86.3075451734938, 152.61666666666667], [85.52229119508674, 152.61666666666667], [85.52229119508674, 152.61666666666667], [85.52229119508674, 152.61666666666667], [85.52229119508674, 152.61666666666667], [91.49050102771997, 151.58333333333334], [84.90149474864853, 151.58333333333334], [84.90149474864853, 151.58333333333334], [84.90149474864853, 151.58333333333334], [84.90149474864853, 151.58333333333334], [84.90149474864853, 151.58333333333334], [84.11624077024146, 151.58333333333334], [84.11624077024146, 151.58333333333334], [84.09602957644859, 151.58333333333334], [84.09602957644859, 151.58333333333334], [84.09602957644859, 151.58333333333334], [102.16156547482478, 135.95], [94.43588767619659, 137.8], [94.43588767619659, 137.8], [94.43588767619659, 137.8], [94.43588767619659, 137.8], [94.43588767619659, 137.8], [94.43588767619659, 137.8], [94.43588767619659, 137.8], [102.95101033119471, 131.53333333333333], [102.95101033119471, 131.53333333333333], [99.2632846778508, 131.53333333333333], [99.2632846778508, 131.53333333333333], [99.2632846778508, 131.53333333333333], [98.58050188489011, 131.53333333333333], [98.58050188489011, 131.53333333333333], [98.58050188489011, 131.53333333333333], [98.58050188489011, 131.53333333333333], [98.58050188489011, 131.53333333333333]]","[124083, 82436, 106808, 135302, 66394, 98083]","[111.26440248166125, 92.64637952022898, 92.64637952022898, 92.64637952022898, 89.86551882692379, 89.86551882692379, 87.74618015504808, 87.74618015504808, 87.74618015504808, 87.74618015504808, 87.74618015504808, 86.3075451734938, 86.3075451734938, 86.3075451734938, 86.3075451734938, 86.3075451734938, 86.3075451734938, 85.52229119508674, 85.52229119508674, 85.52229119508674, 85.52229119508674, 91.49050102771997, 84.90149474864853, 84.90149474864853, 84.90149474864853, 84.90149474864853, 84.90149474864853, 84.11624077024146, 84.11624077024146, 84.09602957644859, 84.09602957644859, 84.09602957644859, 102.16156547482478, 94.43588767619659, 94.43588767619659, 94.43588767619659, 94.43588767619659, 94.43588767619659, 94.43588767619659, 94.43588767619659, 102.95101033119471, 102.95101033119471, 99.2632846778508, 99.2632846778508, 99.2632846778508, 98.58050188489011, 98.58050188489011, 98.58050188489011, 98.58050188489011, 98.58050188489011]","[array([  0., 478., 766., 649.]), array([  0., 816., 227.]), array([322., 594., 238., 524., 736.]), array([383., 528., 117.]), array([322., 234., 689.]), array([383., 703., 809., 561., 563.])]","[0.045063018798828125, 0.09315371513366699, 0.14034557342529297, 0.1867976188659668, 0.23711538314819336, 0.28260016441345215, 0.32979798316955566, 0.3788273334503174, 0.4254422187805176, 0.47600555419921875, 0.5208916664123535, 0.5680897235870361, 0.617905855178833, 0.6884808540344238, 0.7409250736236572, 0.7870604991912842, 0.8321244716644287, 0.8785276412963867, 0.9266214370727539, 0.9736640453338623, 1.0185506343841553, 1.0660960674285889, 1.1123855113983154, 1.1585955619812012, 1.2054095268249512, 1.2520701885223389, 1.2980642318725586, 1.346306324005127, 1.3947432041168213, 1.4428143501281738, 1.4883513450622559, 1.5370612144470215, 1.5836660861968994, 1.6286430358886719, 1.6813225746154785, 1.7294871807098389, 1.778212547302246, 1.822443962097168, 1.86751127243042, 1.9748709201812744, 2.0221927165985107, 2.0718064308166504, 2.1175360679626465, 2.1655378341674805, 2.213521718978882, 2.262263536453247, 2.3105833530426025, 2.358231782913208, 2.404749631881714, 2.4516563415527344]","[7819, 5331, 7777, 7792, 4991, 7892]","[0, 0, 0, 0, 0, 0, 0, 0, 0, 0, 0, 0, 0, 0, 0, 0, 0, 0, 0, 0, 0, 0, 0, 0, 0, 0, 0, 0, 0, 0, 0, 0, 0, 0, 0, 0, 0, 0, 0, 0, 0, 0, 0, 0, 0, 0, 0, 0, 0, 0]","[['V0', 13, 14, 9, 2], ['V1', 7, 23, 22], ['V2', 18, 3, 1, 21, 2], ['V5', 8, 19, 20], ['V3', 11, 24, 2], ['V4', 25, 17, 12, 16, 4]]","[212.2790165577187, 178.53626685536682, 178.53626685536682, 178.53626685536682, 177.10917090449223, 177.10917090449223, 176.0432875069271, 176.0432875069271, 176.0432875069271, 176.0432875069271, 176.0432875069271, 175.33065704068733, 175.33065704068733, 175.33065704068733, 175.33065704068733, 175.33065704068733, 175.33065704068733, 174.9454464560357, 174.9454464560357, 174.9454464560357, 174.9454464560357, 177.05371705431003, 173.74052709428287, 173.74052709428287, 173.74052709428287, 173.74052709428287, 173.74052709428287, 173.35815211798285, 173.35815211798285, 173.34834621353434, 173.34834621353434, 173.34834621353434, 170.05701385202232, 167.05381432697436, 167.05381432697436, 167.05381432697436, 167.05381432697436, 167.05381432697436, 167.05381432697436, 167.05381432697436, 167.03271627436206, 167.03271627436206, 164.78536786624542, 164.78536786624542, 164.78536786624542, 164.3749772004687, 164.3749772004687, 164.3749772004687, 164.3749772004687, 164.3749772004687]"
18,"[[92.91887556015043, 196.16666666666666], [102.17499905311666, 172.7], [102.17499905311666, 172.7], [92.79722766340485, 169.71666666666667], [96.07508720513793, 162.23333333333332], [94.8675214285127, 162.23333333333332], [96.88909643281175, 152.61666666666667], [96.43556409418827, 151.58333333333334], [96.43556409418827, 151.58333333333334], [104.72448023523513, 142.08333333333334], [104.72448023523513, 142.08333333333334], [104.72448023523513, 142.08333333333334], [104.72448023523513, 142.08333333333334], [104.72448023523513, 142.08333333333334], [104.72448023523513, 142.08333333333334], [104.72448023523513, 142.08333333333334], [104.72448023523513, 142.08333333333334], [104.72448023523513, 142.08333333333334], [103.96572953946296, 142.08333333333334], [103.96572953946296, 142.08333333333334], [108.45152678086828, 137.8], [108.45152678086828, 137.8], [108.4667351106239, 135.95], [108.4667351106239, 135.95], [108.4667351106239, 135.95], [108.4667351106239, 135.95], [108.4667351106239, 135.95], [108.4667351106239, 135.95], [108.4667351106239, 135.95], [108.4667351106239, 135.95], [98.66336408056274, 139.23333333333332], [98.66336408056274, 139.23333333333332], [98.66336408056274, 139.23333333333332], [108.4667351106239, 135.95], [108.4667351106239, 135.95], [108.4667351106239, 135.95], [108.4667351106239, 135.95], [108.4667351106239, 135.95], [108.4667351106239, 135.95], [108.4667351106239, 135.95], [108.4667351106239, 135.95], [108.2531944956461, 135.95], [108.2531944956461, 135.95], [108.2531944956461, 135.95], [108.2531944956461, 135.95], [108.2531944956461, 135.95], [108.2531944956461, 135.95], [108.2531944956461, 135.95], [108.2531944956461, 135.95], [108.2531944956461, 135.95]]","[101552, 100237, 112786, 124504, 128517, 98083]","[92.91887556015043, 102.17499905311666, 102.17499905311666, 92.79722766340485, 96.07508720513793, 94.8675214285127, 96.88909643281175, 96.43556409418827, 96.43556409418827, 104.72448023523513, 104.72448023523513, 104.72448023523513, 104.72448023523513, 104.72448023523513, 104.72448023523513, 104.72448023523513, 104.72448023523513, 104.72448023523513, 103.96572953946296, 103.96572953946296, 108.45152678086828, 108.45152678086828, 108.4667351106239, 108.4667351106239, 108.4667351106239, 108.4667351106239, 108.4667351106239, 108.4667351106239, 108.4667351106239, 108.4667351106239, 98.66336408056274, 98.66336408056274, 98.66336408056274, 108.4667351106239, 108.4667351106239, 108.4667351106239, 108.4667351106239, 108.4667351106239, 108.4667351106239, 108.4667351106239, 108.4667351106239, 108.2531944956461, 108.2531944956461, 108.2531944956461, 108.2531944956461, 108.2531944956461, 108.2531944956461, 108.2531944956461, 108.2531944956461, 108.2531944956461]","[array([  0., 766., 649., 238.]), array([322., 478., 816., 227.]), array([322., 594., 736., 524., 689.]), array([  0., 117.]), array([383., 234., 528.]), array([383., 703., 809., 561., 563.])]","[0.045272111892700195, 0.09421873092651367, 0.1416313648223877, 0.19138646125793457, 0.24099326133728027, 0.28644776344299316, 0.33147358894348145, 0.37880635261535645, 0.42359185218811035, 0.47085142135620117, 0.5179355144500732, 0.5628294944763184, 0.61165452003479, 0.6592934131622314, 0.7051055431365967, 0.7510397434234619, 0.7966885566711426, 0.8416905403137207, 0.8878440856933594, 0.9340205192565918, 0.9780371189117432, 1.0239226818084717, 1.0727603435516357, 1.1188862323760986, 1.1661961078643799, 1.2129969596862793, 1.2583670616149902, 1.3035197257995605, 1.3507370948791504, 1.4007444381713867, 1.446847915649414, 1.4940223693847656, 1.539548635482788, 1.5867540836334229, 1.632828712463379, 1.6792337894439697, 1.7259457111358643, 1.7743995189666748, 1.8214459419250488, 1.868403673171997, 1.9116730690002441, 1.9585614204406738, 2.0071332454681396, 2.054558515548706, 2.1046876907348633, 2.1520328521728516, 2.198728561401367, 2.2437894344329834, 2.2901031970977783, 2.3353211879730225]","[6520, 7026, 8157, 7328, 7388, 7892]","[0, 0, 0, 0, 0, 0, 0, 0, 0, 0, 0, 0, 0, 0, 0, 0, 0, 0, 0, 0, 0, 0, 0, 0, 0, 0, 0, 0, 0, 0, 0, 0, 0, 0, 0, 0, 0, 0, 0, 0, 0, 0, 0, 0, 0, 0, 0, 0, 0, 0]","[['V1', 14, 9, 3, 2], ['V3', 13, 7, 23, 22], ['V2', 18, 21, 1, 24, 2], ['V0', 19, 20], ['V4', 11, 8, 2], ['V5', 25, 17, 12, 16, 4]]","[217.06054120100646, 200.66145726447914, 200.66145726447914, 193.42976091196059, 188.54728008093699, 187.93483196691815, 180.77429007469823, 179.6589128504588, 179.6589128504588, 176.50747964789272, 176.50747964789272, 176.50747964789272, 176.50747964789272, 176.50747964789272, 176.50747964789272, 176.50747964789272, 176.50747964789272, 176.50747964789272, 176.05836114704655, 176.05836114704655, 175.3584148568337, 175.3584148568337, 173.9178976573666, 173.9178976573666, 173.9178976573666, 173.9178976573666, 173.9178976573666, 173.9178976573666, 173.9178976573666, 173.9178976573666, 170.6469470069851, 170.6469470069851, 170.6469470069851, 173.9178976573666, 173.9178976573666, 173.9178976573666, 173.9178976573666, 173.9178976573666, 173.9178976573666, 173.9178976573666, 173.9178976573666, 173.7847997337862, 173.7847997337862, 173.7847997337862, 173.7847997337862, 173.7847997337862, 173.7847997337862, 173.7847997337862, 173.7847997337862, 173.7847997337862]"
19,"[[108.8723107824525, 150.26666666666668], [108.8723107824525, 150.26666666666668], [106.98855838849093, 142.08333333333334], [110.2072227887057, 137.8], [107.78617899845197, 137.8], [107.78617899845197, 137.8], [106.99572596928249, 137.8], [106.99572596928249, 137.8], [106.99572596928249, 137.8], [106.542193630659, 137.8], [106.542193630659, 137.8], [106.2547841966822, 137.8], [106.2547841966822, 137.8], [106.2547841966822, 137.8], [106.2547841966822, 137.8], [106.2547841966822, 137.8], [106.2547841966822, 137.8], [106.2547841966822, 137.8], [105.0739227410954, 137.41666666666666], [105.0739227410954, 137.41666666666666], [104.96358899370783, 137.1], [81.97001511047021, 151.58333333333334], [81.97001511047021, 151.58333333333334], [89.06343555266737, 142.91666666666666], [89.06343555266737, 142.91666666666666], [89.06343555266737, 142.91666666666666], [89.06343555266737, 142.91666666666666], [89.06343555266737, 142.91666666666666], [89.06343555266737, 142.91666666666666], [89.06343555266737, 142.91666666666666], [85.70627371864863, 142.91666666666666], [85.70627371864863, 142.91666666666666], [85.70627371864863, 142.91666666666666], [85.70627371864863, 142.91666666666666], [85.70627371864863, 142.91666666666666], [85.70627371864863, 142.91666666666666], [85.70627371864863, 142.91666666666666], [85.70627371864863, 142.91666666666666], [85.70627371864863, 142.91666666666666], [96.77428272751857, 130.1], [96.77428272751857, 130.1], [96.77428272751857, 130.1], [96.77428272751857, 130.1], [96.77428272751857, 130.1], [94.884034616456, 129.86666666666667], [94.884034616456, 129.86666666666667], [94.884034616456, 129.86666666666667], [94.884034616456, 129.86666666666667], [94.884034616456, 129.86666666666667], [94.884034616456, 129.86666666666667]]","[122371, 113054, 40777, 135302, 82874]","[108.8723107824525, 108.8723107824525, 106.98855838849093, 110.2072227887057, 107.78617899845197, 107.78617899845197, 106.99572596928249, 106.99572596928249, 106.99572596928249, 106.542193630659, 106.542193630659, 106.2547841966822, 106.2547841966822, 106.2547841966822, 106.2547841966822, 106.2547841966822, 106.2547841966822, 106.2547841966822, 105.0739227410954, 105.0739227410954, 104.96358899370783, 81.97001511047021, 81.97001511047021, 89.06343555266737, 89.06343555266737, 89.06343555266737, 89.06343555266737, 89.06343555266737, 89.06343555266737, 89.06343555266737, 85.70627371864863, 85.70627371864863, 85.70627371864863, 85.70627371864863, 85.70627371864863, 85.70627371864863, 85.70627371864863, 85.70627371864863, 85.70627371864863, 96.77428272751857, 96.77428272751857, 96.77428272751857, 96.77428272751857, 96.77428272751857, 94.884034616456, 94.884034616456, 94.884034616456, 94.884034616456, 94.884034616456, 94.884034616456]","[array([  0., 766., 649., 478., 816., 227.]), array([322., 594., 238., 689., 736., 524.]), array([322., 234., 703.]), array([383., 528., 117.]), array([383., 809., 561., 563.])]","[0.04551124572753906, 0.09191203117370605, 0.14038848876953125, 0.18950819969177246, 0.23778700828552246, 0.2850043773651123, 0.3344113826751709, 0.3823204040527344, 0.4282267093658447, 0.47637081146240234, 0.5225553512573242, 0.5675201416015625, 0.6139833927154541, 0.6628155708312988, 0.7098960876464844, 0.7568669319152832, 0.8059203624725342, 0.8578424453735352, 0.9074313640594482, 0.9563355445861816, 1.0056374073028564, 1.0539751052856445, 1.1025280952453613, 1.1515886783599854, 1.2008318901062012, 1.2485103607177734, 1.2961113452911377, 1.3421964645385742, 1.3885407447814941, 1.4395389556884766, 1.4886550903320312, 1.536963939666748, 1.5853989124298096, 1.6324117183685303, 1.682539939880371, 1.7336807250976562, 1.7809312343597412, 1.8284127712249756, 1.876824140548706, 1.9231383800506592, 1.9679031372070312, 2.0153353214263916, 2.0654234886169434, 2.113192558288574, 2.160748243331909, 2.2083845138549805, 2.2581753730773926, 2.3070197105407715, 2.3549256324768066, 2.405545711517334]","[9095, 8575, 3946, 7792, 6674]","[0, 0, 0, 0, 0, 0, 0, 0, 0, 0, 0, 0, 0, 0, 0, 0, 0, 0, 0, 0, 0, 0, 0, 0, 0, 0, 0, 0, 0, 0, 0, 0, 0, 0, 0, 0, 0, 0, 0, 0, 0, 0, 0, 0, 0, 0, 0, 0, 0, 0]","[['V0', 14, 9, 13, 7, 23, 22], ['V2', 18, 3, 24, 21, 1, 2], ['V3', 11, 25, 5], ['V4', 8, 19, 20], ['V5', 17, 12, 16, 4]]","[185.5619873956464, 185.5619873956464, 177.8601282951259, 176.44963007838643, 174.9477075673938, 174.9477075673938, 174.46181638310944, 174.46181638310944, 174.46181638310944, 174.18403779805095, 174.18403779805095, 174.0083882020735, 174.0083882020735, 174.0083882020735, 174.0083882020735, 174.0083882020735, 174.0083882020735, 174.0083882020735, 172.98517138176746, 172.98517138176746, 172.66662970719045, 172.32698663197, 172.32698663197, 168.3967611433048, 168.3967611433048, 168.3967611433048, 168.3967611433048, 168.3967611433048, 168.3967611433048, 168.3967611433048, 166.64554889299333, 166.64554889299333, 166.64554889299333, 166.64554889299333, 166.64554889299333, 166.64554889299333, 166.64554889299333, 166.64554889299333, 166.64554889299333, 162.14583496786372, 162.14583496786372, 162.14583496786372, 162.14583496786372, 162.14583496786372, 160.8363489271251, 160.8363489271251, 160.8363489271251, 160.8363489271251, 160.8363489271251, 160.8363489271251]"
20,"[[84.29664992040483, 218.03333333333333], [117.97384430466057, 184.78333333333333], [114.64886548973482, 184.78333333333333], [120.03454309820475, 173.16666666666666], [113.69267999427213, 167.33333333333334], [108.5468178128187, 167.33333333333334], [102.92045819851486, 158.71666666666667], [102.92045819851486, 158.71666666666667], [102.92045819851486, 158.71666666666667], [92.93290802422104, 147.35], [92.24731080378776, 147.35], [92.24731080378776, 147.35], [92.24731080378776, 147.35], [92.24731080378776, 147.35], [89.50411358835069, 142.08333333333334], [89.50411358835069, 142.08333333333334], [89.50411358835069, 142.08333333333334], [89.50411358835069, 142.08333333333334], [89.50411358835069, 142.08333333333334], [89.50411358835069, 142.08333333333334], [89.50411358835069, 142.08333333333334], [89.50411358835069, 142.08333333333334], [89.50411358835069, 142.08333333333334], [89.3295093551572, 142.08333333333334], [89.3295093551572, 142.08333333333334], [89.3295093551572, 142.08333333333334], [89.3295093551572, 142.08333333333334], [89.3295093551572, 142.08333333333334], [89.3295093551572, 142.08333333333334], [89.3295093551572, 142.08333333333334], [89.3295093551572, 142.08333333333334], [89.3295093551572, 142.08333333333334], [89.3295093551572, 142.08333333333334], [89.3295093551572, 142.08333333333334], [89.3295093551572, 142.08333333333334], [89.3295093551572, 142.08333333333334], [89.3295093551572, 142.08333333333334], [89.3295093551572, 142.08333333333334], [89.3295093551572, 142.08333333333334], [89.3295093551572, 142.08333333333334], [89.3295093551572, 142.08333333333334], [89.3295093551572, 142.08333333333334], [89.3295093551572, 142.08333333333334], [89.3295093551572, 142.08333333333334], [89.3295093551572, 142.08333333333334], [89.3295093551572, 142.08333333333334], [89.3295093551572, 142.08333333333334], [89.3295093551572, 142.08333333333334], [89.3295093551572, 142.08333333333334], [88.64388968900084, 142.08333333333334]]","[138245, 24231, 172488, 123156]","[84.29664992040483, 117.97384430466057, 114.64886548973482, 120.03454309820475, 113.69267999427213, 108.5468178128187, 102.92045819851486, 102.92045819851486, 102.92045819851486, 92.93290802422104, 92.24731080378776, 92.24731080378776, 92.24731080378776, 92.24731080378776, 89.50411358835069, 89.50411358835069, 89.50411358835069, 89.50411358835069, 89.50411358835069, 89.50411358835069, 89.50411358835069, 89.50411358835069, 89.50411358835069, 89.3295093551572, 89.3295093551572, 89.3295093551572, 89.3295093551572, 89.3295093551572, 89.3295093551572, 89.3295093551572, 89.3295093551572, 89.3295093551572, 89.3295093551572, 89.3295093551572, 89.3295093551572, 89.3295093551572, 89.3295093551572, 89.3295093551572, 89.3295093551572, 89.3295093551572, 89.3295093551572, 89.3295093551572, 89.3295093551572, 89.3295093551572, 89.3295093551572, 89.3295093551572, 89.3295093551572, 89.3295093551572, 89.3295093551572, 88.64388968900084]","[array([  0., 649., 766., 478., 689., 816., 227.]), array([322., 594., 238.]), array([322., 524., 736., 528., 117.]), array([383., 703., 234., 809., 561., 563.])]","[0.044747352600097656, 0.09347963333129883, 0.13933300971984863, 0.1864321231842041, 0.23888278007507324, 0.2859821319580078, 0.33345651626586914, 0.38484764099121094, 0.42841339111328125, 0.4746100902557373, 0.5186243057250977, 0.5643703937530518, 0.6106822490692139, 0.6576862335205078, 0.7033226490020752, 0.7510037422180176, 0.7953479290008545, 0.8432259559631348, 0.890826940536499, 0.9344837665557861, 0.9791378974914551, 1.026618480682373, 1.0731172561645508, 1.1204404830932617, 1.1667492389678955, 1.2115564346313477, 1.2605562210083008, 1.3075833320617676, 1.354018211364746, 1.4015021324157715, 1.4488096237182617, 1.4952175617218018, 1.5426557064056396, 1.5915088653564453, 1.6357061862945557, 1.6822841167449951, 1.7364957332611084, 1.7837698459625244, 1.8312594890594482, 1.879335641860962, 1.9260523319244385, 1.97121000289917, 2.018129348754883, 2.0664641857147217, 2.1130614280700684, 2.159838914871216, 2.203812837600708, 2.250654935836792, 2.297175407409668, 2.3441507816314697]","[10308, 2219, 11427, 10057]","[0, 0, 0, 0, 0, 0, 0, 0, 0, 0, 0, 0, 0, 0, 0, 0, 0, 0, 0, 0, 0, 0, 0, 0, 0, 0, 0, 0, 0, 0, 0, 0, 0, 0, 0, 0, 0, 0, 0, 0, 0, 0, 0, 0, 0, 0, 0, 0, 0, 0]","[['V0', 9, 14, 13, 24, 7, 23, 22], ['V3', 18, 3, 2], ['V2', 1, 21, 8, 19, 20], ['V4', 25, 11, 17, 12, 16, 4]]","[233.76154438283413, 219.23208756429355, 217.46089909650672, 210.70117698114365, 202.30291626351908, 199.45640150602765, 189.16553859931787, 189.16553859931787, 189.16553859931787, 174.20834622324594, 173.8435758103549, 173.8435758103549, 173.8435758103549, 173.8435758103549, 167.92456628006366, 167.92456628006366, 167.92456628006366, 167.92456628006366, 167.92456628006366, 167.92456628006366, 167.92456628006366, 167.92456628006366, 167.92456628006366, 167.83156691380864, 167.83156691380864, 167.83156691380864, 167.83156691380864, 167.83156691380864, 167.83156691380864, 167.83156691380864, 167.83156691380864, 167.83156691380864, 167.83156691380864, 167.83156691380864, 167.83156691380864, 167.83156691380864, 167.83156691380864, 167.83156691380864, 167.83156691380864, 167.83156691380864, 167.83156691380864, 167.83156691380864, 167.83156691380864, 167.83156691380864, 167.83156691380864, 167.83156691380864, 167.83156691380864, 167.83156691380864, 167.83156691380864, 167.467646995791]"
21,"[[95.2853209370153, 206.05], [97.57137605181896, 183.28333333333333], [95.59998409257038, 172.7], [96.53763566703765, 157.48333333333332], [96.53763566703765, 157.48333333333332], [95.42738401763145, 157.48333333333332], [93.51370303479169, 152.61666666666667], [93.51370303479169, 152.61666666666667], [93.51370303479169, 152.61666666666667], [93.51370303479169, 152.61666666666667], [88.47877828049083, 151.58333333333334], [100.60395498914858, 143.26666666666668], [100.60395498914858, 143.26666666666668], [100.60395498914858, 143.26666666666668], [97.25308559715235, 135.66666666666666], [97.25308559715235, 135.66666666666666], [97.25308559715235, 135.66666666666666], [97.25308559715235, 135.66666666666666], [97.25308559715235, 135.66666666666666], [97.25308559715235, 135.66666666666666], [96.63681219034665, 135.66666666666666], [96.63681219034665, 135.66666666666666], [96.63681219034665, 135.66666666666666], [96.63681219034665, 135.66666666666666], [96.63681219034665, 135.66666666666666], [102.68696776590511, 131.63333333333333], [102.68696776590511, 131.63333333333333], [102.68696776590511, 131.63333333333333], [102.68696776590511, 131.63333333333333], [102.68696776590511, 131.63333333333333], [102.68696776590511, 131.63333333333333], [102.68696776590511, 131.63333333333333], [102.68696776590511, 131.63333333333333], [102.68696776590511, 131.63333333333333], [102.68696776590511, 131.63333333333333], [98.16798279330519, 129.86666666666667], [98.16798279330519, 129.86666666666667], [98.16798279330519, 129.86666666666667], [98.16798279330519, 129.86666666666667], [98.16798279330519, 129.86666666666667], [98.16798279330519, 129.86666666666667], [98.16798279330519, 129.86666666666667], [98.16798279330519, 129.86666666666667], [98.16798279330519, 129.86666666666667], [98.16798279330519, 129.86666666666667], [98.16798279330519, 129.86666666666667], [96.8101724232144, 129.86666666666667], [96.8101724232144, 129.86666666666667], [96.8101724232144, 129.86666666666667], [96.8101724232144, 129.86666666666667]]","[145666, 185408, 111028]","[95.2853209370153, 97.57137605181896, 95.59998409257038, 96.53763566703765, 96.53763566703765, 95.42738401763145, 93.51370303479169, 93.51370303479169, 93.51370303479169, 93.51370303479169, 88.47877828049083, 100.60395498914858, 100.60395498914858, 100.60395498914858, 97.25308559715235, 97.25308559715235, 97.25308559715235, 97.25308559715235, 97.25308559715235, 97.25308559715235, 96.63681219034665, 96.63681219034665, 96.63681219034665, 96.63681219034665, 96.63681219034665, 102.68696776590511, 102.68696776590511, 102.68696776590511, 102.68696776590511, 102.68696776590511, 102.68696776590511, 102.68696776590511, 102.68696776590511, 102.68696776590511, 102.68696776590511, 98.16798279330519, 98.16798279330519, 98.16798279330519, 98.16798279330519, 98.16798279330519, 98.16798279330519, 98.16798279330519, 98.16798279330519, 98.16798279330519, 98.16798279330519, 98.16798279330519, 96.8101724232144, 96.8101724232144, 96.8101724232144, 96.8101724232144]","[array([  0., 766., 649., 689., 478., 816., 227.]), array([383., 703., 524., 736., 528., 117.]), array([322., 234., 594., 238., 809., 561., 563.])]","[0.04584860801696777, 0.09306025505065918, 0.14057588577270508, 0.18874192237854004, 0.23457813262939453, 0.28460264205932617, 0.3333091735839844, 0.3820168972015381, 0.4306643009185791, 0.47737932205200195, 0.5251116752624512, 0.5700094699859619, 0.6142864227294922, 0.6611123085021973, 0.7074165344238281, 0.7539761066436768, 0.8008527755737305, 0.8469645977020264, 0.8944551944732666, 0.9447014331817627, 0.9943876266479492, 1.0391466617584229, 1.0881664752960205, 1.1367607116699219, 1.1869535446166992, 1.2338709831237793, 1.2836060523986816, 1.331644058227539, 1.3813421726226807, 1.4293832778930664, 1.479787826538086, 1.5294952392578125, 1.576704502105713, 1.620737075805664, 1.668726921081543, 1.7169084548950195, 1.7641751766204834, 1.812840223312378, 1.858968734741211, 1.907114028930664, 1.9565753936767578, 2.0029592514038086, 2.0498831272125244, 2.0953283309936523, 2.1429593563079834, 2.190763473510742, 2.2385528087615967, 2.294208288192749, 2.341524839401245, 2.389280080795288]","[10461, 12474, 9266]","[0, 0, 0, 0, 0, 0, 0, 0, 0, 0, 0, 0, 0, 0, 0, 0, 0, 0, 0, 0, 0, 0, 0, 0, 0, 0, 0, 0, 0, 0, 0, 0, 0, 0, 0, 0, 0, 0, 0, 0, 0, 0, 0, 0, 0, 0, 0, 0, 0, 0]","[['V0', 14, 9, 24, 13, 7, 23, 22], ['V4', 25, 1, 21, 8, 19, 20], ['V3', 11, 18, 3, 17, 12, 16, 4]]","[227.0151864657297, 207.63659047100356, 197.3946477453219, 184.71739327404842, 184.71739327404842, 184.1395826492128, 178.9878755662619, 178.9878755662619, 178.9878755662619, 178.9878755662619, 175.51638427922535, 175.06139933530866, 175.06139933530866, 175.06139933530866, 166.92395604769104, 166.92395604769104, 166.92395604769104, 166.92395604769104, 166.92395604769104, 166.92395604769104, 166.56565646842319, 166.56565646842319, 166.56565646842319, 166.56565646842319, 166.56565646842319, 166.9489376827552, 166.9489376827552, 166.9489376827552, 166.9489376827552, 166.9489376827552, 166.9489376827552, 166.9489376827552, 166.9489376827552, 166.9489376827552, 166.9489376827552, 162.79528235430465, 162.79528235430465, 162.79528235430465, 162.79528235430465, 162.79528235430465, 162.79528235430465, 162.79528235430465, 162.79528235430465, 162.79528235430465, 162.79528235430465, 162.79528235430465, 161.9801240761459, 161.9801240761459, 161.9801240761459, 161.9801240761459]"
22,"[[90.9432724857738, 193.33333333333334], [88.13648779746262, 156.58333333333334], [88.13648779746262, 156.58333333333334], [88.13648779746262, 156.58333333333334], [106.98855838849093, 142.08333333333334], [106.98855838849093, 142.08333333333334], [81.64865144757205, 156.58333333333334], [81.64865144757205, 156.58333333333334], [81.64865144757205, 156.58333333333334], [80.67146648350068, 156.58333333333334], [90.45328126252218, 142.08333333333334], [90.45328126252218, 142.08333333333334], [90.45328126252218, 142.08333333333334], [90.45328126252218, 142.08333333333334], [90.45328126252218, 142.08333333333334], [90.45328126252218, 142.08333333333334], [90.45328126252218, 142.08333333333334], [90.45328126252218, 142.08333333333334], [90.45328126252218, 142.08333333333334], [90.45328126252218, 142.08333333333334], [90.45328126252218, 142.08333333333334], [90.45328126252218, 142.08333333333334], [90.45328126252218, 142.08333333333334], [90.45328126252218, 142.08333333333334], [90.45328126252218, 142.08333333333334], [90.45328126252218, 142.08333333333334], [90.45328126252218, 142.08333333333334], [90.45328126252218, 142.08333333333334], [90.45328126252218, 142.08333333333334], [90.45328126252218, 142.08333333333334], [90.45328126252218, 142.08333333333334], [90.45328126252218, 142.08333333333334], [90.45328126252218, 142.08333333333334], [90.45328126252218, 142.08333333333334], [90.45328126252218, 142.08333333333334], [90.45328126252218, 142.08333333333334], [89.89489311516249, 142.08333333333334], [89.89489311516249, 142.08333333333334], [89.89489311516249, 142.08333333333334], [89.89489311516249, 142.08333333333334], [89.89489311516249, 142.08333333333334], [89.89489311516249, 142.08333333333334], [89.89489311516249, 142.08333333333334], [89.89489311516249, 142.08333333333334], [89.89489311516249, 142.08333333333334], [89.89489311516249, 142.08333333333334], [89.89489311516249, 142.08333333333334], [89.89489311516249, 142.08333333333334], [89.89489311516249, 142.08333333333334], [89.89489311516249, 142.08333333333334]]","[138533, 47952, 172488, 109575]","[90.9432724857738, 88.13648779746262, 88.13648779746262, 88.13648779746262, 106.98855838849093, 106.98855838849093, 81.64865144757205, 81.64865144757205, 81.64865144757205, 80.67146648350068, 90.45328126252218, 90.45328126252218, 90.45328126252218, 90.45328126252218, 90.45328126252218, 90.45328126252218, 90.45328126252218, 90.45328126252218, 90.45328126252218, 90.45328126252218, 90.45328126252218, 90.45328126252218, 90.45328126252218, 90.45328126252218, 90.45328126252218, 90.45328126252218, 90.45328126252218, 90.45328126252218, 90.45328126252218, 90.45328126252218, 90.45328126252218, 90.45328126252218, 90.45328126252218, 90.45328126252218, 90.45328126252218, 90.45328126252218, 89.89489311516249, 89.89489311516249, 89.89489311516249, 89.89489311516249, 89.89489311516249, 89.89489311516249, 89.89489311516249, 89.89489311516249, 89.89489311516249, 89.89489311516249, 89.89489311516249, 89.89489311516249, 89.89489311516249, 89.89489311516249]","[array([  0., 766., 649., 478., 689., 816., 227.]), array([383., 703., 238.]), array([322., 524., 736., 528., 117.]), array([383., 234., 594., 809., 561., 563.])]","[0.04625558853149414, 0.09293961524963379, 0.14022564888000488, 0.18750286102294922, 0.23529744148254395, 0.2805209159851074, 0.33057641983032227, 0.375072717666626, 0.4234580993652344, 0.47245287895202637, 0.5191123485565186, 0.5648512840270996, 0.6147167682647705, 0.6616969108581543, 0.7095835208892822, 0.7563517093658447, 0.8041782379150391, 0.8505592346191406, 0.8965234756469727, 0.9441149234771729, 0.9965250492095947, 1.0436038970947266, 1.088618278503418, 1.1338386535644531, 1.1791326999664307, 1.228553295135498, 1.273606538772583, 1.320448398590088, 1.3665759563446045, 1.4130957126617432, 1.4605586528778076, 1.5070140361785889, 1.5522408485412598, 1.5982060432434082, 1.646895170211792, 1.6903564929962158, 1.737041711807251, 1.7850236892700195, 1.832136869430542, 1.8770933151245117, 1.925682783126831, 1.973745584487915, 2.022630214691162, 2.06927752494812, 2.1163032054901123, 2.1605887413024902, 2.20729398727417, 2.2555503845214844, 2.3052306175231934, 2.3507885932922363]","[10246, 3463, 11427, 9134]","[0, 0, 0, 0, 0, 0, 0, 0, 0, 0, 0, 0, 0, 0, 0, 0, 0, 0, 0, 0, 0, 0, 0, 0, 0, 0, 0, 0, 0, 0, 0, 0, 0, 0, 0, 0, 0, 0, 0, 0, 0, 0, 0, 0, 0, 0, 0, 0, 0, 0]","[['V1', 14, 9, 13, 24, 7, 23, 22], ['V4', 25, 3, 2], ['V2', 1, 21, 8, 19, 20], ['V5', 11, 18, 17, 12, 16, 4]]","[213.65499429734726, 179.68411381936372, 179.68411381936372, 179.68411381936372, 177.8601282951259, 177.8601282951259, 176.59230606395312, 176.59230606395312, 176.59230606395312, 176.14262908897538, 168.43238911286647, 168.43238911286647, 168.43238911286647, 168.43238911286647, 168.43238911286647, 168.43238911286647, 168.43238911286647, 168.43238911286647, 168.43238911286647, 168.43238911286647, 168.43238911286647, 168.43238911286647, 168.43238911286647, 168.43238911286647, 168.43238911286647, 168.43238911286647, 168.43238911286647, 168.43238911286647, 168.43238911286647, 168.43238911286647, 168.43238911286647, 168.43238911286647, 168.43238911286647, 168.43238911286647, 168.43238911286647, 168.43238911286647, 168.13317762802677, 168.13317762802677, 168.13317762802677, 168.13317762802677, 168.13317762802677, 168.13317762802677, 168.13317762802677, 168.13317762802677, 168.13317762802677, 168.13317762802677, 168.13317762802677, 168.13317762802677, 168.13317762802677, 168.13317762802677]"
23,"[[128.8651981265046, 173.7], [136.4978958333349, 163.3], [117.00884724699559, 157.93333333333334], [97.98003737763925, 161.36666666666667], [101.09330164451933, 146.2], [101.09330164451933, 146.2], [101.09330164451933, 146.2], [101.09330164451933, 146.2], [100.51024676910302, 146.2], [100.51024676910302, 146.2], [100.51024676910302, 146.2], [100.51024676910302, 146.2], [100.26481715002382, 146.2], [100.26481715002382, 146.2], [100.26481715002382, 146.2], [100.26481715002382, 146.2], [100.17498637037104, 146.2], [100.17498637037104, 146.2], [89.44265153398264, 150.1], [89.44265153398264, 150.1], [89.44265153398264, 150.1], [89.44265153398264, 150.1], [89.44265153398264, 150.1], [88.71078088717395, 150.1], [88.71078088717395, 150.1], [88.71078088717395, 150.1], [88.71078088717395, 150.1], [86.25438724620948, 150.31666666666666], [86.25438724620948, 150.31666666666666], [87.43050755494316, 149.0], [87.43050755494316, 149.0], [87.43050755494316, 149.0], [87.43050755494316, 149.0], [87.43050755494316, 149.0], [87.43050755494316, 149.0], [87.42795671456636, 149.0], [87.42795671456636, 149.0], [81.20349515581911, 150.31666666666666], [87.42795671456636, 149.0], [87.42795671456636, 149.0], [84.31292663860081, 150.31666666666666], [84.31292663860081, 150.31666666666666], [84.31292663860081, 150.31666666666666], [84.31292663860081, 150.31666666666666], [84.31292663860081, 150.31666666666666], [84.31292663860081, 150.31666666666666], [91.81890844870473, 145.8], [91.81890844870473, 145.8], [82.48448746407858, 150.31666666666666], [82.48448746407858, 150.31666666666666]]","[145666, 170199, 53172, 102055]","[128.8651981265046, 136.4978958333349, 117.00884724699559, 97.98003737763925, 101.09330164451933, 101.09330164451933, 101.09330164451933, 101.09330164451933, 100.51024676910302, 100.51024676910302, 100.51024676910302, 100.51024676910302, 100.26481715002382, 100.26481715002382, 100.26481715002382, 100.26481715002382, 100.17498637037104, 100.17498637037104, 89.44265153398264, 89.44265153398264, 89.44265153398264, 89.44265153398264, 89.44265153398264, 88.71078088717395, 88.71078088717395, 88.71078088717395, 88.71078088717395, 86.25438724620948, 86.25438724620948, 87.43050755494316, 87.43050755494316, 87.43050755494316, 87.43050755494316, 87.43050755494316, 87.43050755494316, 87.42795671456636, 87.42795671456636, 81.20349515581911, 87.42795671456636, 87.42795671456636, 84.31292663860081, 84.31292663860081, 84.31292663860081, 84.31292663860081, 84.31292663860081, 84.31292663860081, 91.81890844870473, 91.81890844870473, 82.48448746407858, 82.48448746407858]","[array([  0., 766., 649., 689., 478., 816., 227.]), array([383., 524., 736., 528., 117.]), array([383., 594., 234., 238.]), array([322., 703., 561., 563., 809.])]","[0.04327130317687988, 0.08954262733459473, 0.13623809814453125, 0.18703341484069824, 0.23436403274536133, 0.28066587448120117, 0.3273012638092041, 0.374769926071167, 0.4250330924987793, 0.47035646438598633, 0.5179054737091064, 0.5690844058990479, 0.6223704814910889, 0.6691868305206299, 0.7175068855285645, 0.7642793655395508, 0.8119182586669922, 0.859142541885376, 0.9047451019287109, 0.9496612548828125, 0.997382402420044, 1.0491886138916016, 1.0956108570098877, 1.144195556640625, 1.1899158954620361, 1.2353501319885254, 1.2844808101654053, 1.3309574127197266, 1.3767287731170654, 1.4290549755096436, 1.47501802444458, 1.5210685729980469, 1.565011978149414, 1.6115312576293945, 1.6596271991729736, 1.7062242031097412, 1.7547366619110107, 1.8056843280792236, 1.8505580425262451, 1.896151065826416, 1.9427340030670166, 1.9897525310516357, 2.0393435955047607, 2.0856845378875732, 2.1305034160614014, 2.176450490951538, 2.223031520843506, 2.270963668823242, 2.3172378540039062, 2.364032506942749]","[10461, 11226, 4187, 8507]","[0, 0, 0, 0, 0, 0, 0, 0, 0, 0, 0, 0, 0, 0, 0, 0, 0, 0, 0, 0, 0, 0, 0, 0, 0, 0, 0, 0, 0, 0, 0, 0, 0, 0, 0, 0, 0, 0, 0, 0, 0, 0, 0, 0, 0, 0, 0, 0, 0, 0]","[['V1', 14, 9, 24, 13, 7, 23, 22], ['V5', 1, 21, 8, 19, 20], ['V4', 18, 11, 3, 2], ['V2', 25, 12, 16, 17, 4]]","[216.28205956154403, 212.83459673400833, 196.55535635501906, 188.78370913729472, 177.74784284876642, 177.74784284876642, 177.74784284876642, 177.74784284876642, 177.41688111785186, 177.41688111785186, 177.41688111785186, 177.41688111785186, 177.27795564628926, 177.27795564628926, 177.27795564628926, 177.27795564628926, 177.22716466248627, 177.22716466248627, 174.7283546349288, 174.7283546349288, 174.7283546349288, 174.7283546349288, 174.7283546349288, 174.3548469231991, 174.3548469231991, 174.3548469231991, 174.3548469231991, 173.3058556338961, 173.3058556338961, 172.7573258976735, 172.7573258976735, 172.7573258976735, 172.7573258976735, 172.7573258976735, 172.7573258976735, 172.75603496053066, 172.75603496053066, 170.84820134639673, 172.75603496053066, 172.75603496053066, 172.3478165691224, 172.3478165691224, 172.3478165691224, 172.3478165691224, 172.3478165691224, 172.3478165691224, 172.30308165761755, 172.30308165761755, 171.46075629714665, 171.46075629714665]"
24,"[[113.8545908791918, 174.35], [103.63239042663386, 174.35], [103.63239042663386, 174.35], [93.24737032224414, 174.35], [91.78127689280296, 170.76666666666668], [107.60474482983238, 139.55], [107.60474482983238, 139.55], [107.60474482983238, 139.55], [96.18858928954178, 137.98333333333332], [96.18858928954178, 137.98333333333332], [96.18858928954178, 137.98333333333332], [98.83178630204985, 133.21666666666667], [98.83178630204985, 133.21666666666667], [98.83178630204985, 133.21666666666667], [98.83178630204985, 133.21666666666667], [93.06676390007331, 133.21666666666667], [93.06676390007331, 133.21666666666667], [93.06676390007331, 133.21666666666667], [94.43813111031253, 129.86666666666667], [94.43813111031253, 129.86666666666667], [94.43813111031253, 129.86666666666667], [92.40121264866004, 129.86666666666667], [92.40121264866004, 129.86666666666667], [92.40121264866004, 129.86666666666667], [92.40121264866004, 129.86666666666667], [92.40121264866004, 129.86666666666667], [92.40121264866004, 129.86666666666667], [92.40121264866004, 129.86666666666667], [92.40121264866004, 129.86666666666667], [92.12836862450808, 129.86666666666667], [90.13231923998033, 130.31666666666666], [90.13231923998033, 130.31666666666666], [90.13231923998033, 130.31666666666666], [90.13231923998033, 130.31666666666666], [90.13231923998033, 130.31666666666666], [90.13231923998033, 130.31666666666666], [90.13231923998033, 130.31666666666666], [92.12836862450808, 129.86666666666667], [92.12836862450808, 129.86666666666667], [92.12836862450808, 129.86666666666667], [92.12836862450808, 129.86666666666667], [92.12836862450808, 129.86666666666667], [91.85230922560898, 129.86666666666667], [90.5231694055876, 129.86666666666667], [90.5231694055876, 129.86666666666667], [90.5231694055876, 129.86666666666667], [90.5231694055876, 129.86666666666667], [90.5231694055876, 129.86666666666667], [90.5231694055876, 129.86666666666667], [90.5231694055876, 129.86666666666667]]","[85022, 101245, 98726, 135302, 61595, 92233]","[113.8545908791918, 103.63239042663386, 103.63239042663386, 93.24737032224414, 91.78127689280296, 107.60474482983238, 107.60474482983238, 107.60474482983238, 96.18858928954178, 96.18858928954178, 96.18858928954178, 98.83178630204985, 98.83178630204985, 98.83178630204985, 98.83178630204985, 93.06676390007331, 93.06676390007331, 93.06676390007331, 94.43813111031253, 94.43813111031253, 94.43813111031253, 92.40121264866004, 92.40121264866004, 92.40121264866004, 92.40121264866004, 92.40121264866004, 92.40121264866004, 92.40121264866004, 92.40121264866004, 92.12836862450808, 90.13231923998033, 90.13231923998033, 90.13231923998033, 90.13231923998033, 90.13231923998033, 90.13231923998033, 90.13231923998033, 92.12836862450808, 92.12836862450808, 92.12836862450808, 92.12836862450808, 92.12836862450808, 91.85230922560898, 90.5231694055876, 90.5231694055876, 90.5231694055876, 90.5231694055876, 90.5231694055876, 90.5231694055876, 90.5231694055876]","[array([  0., 766., 649., 478.]), array([  0., 689., 816., 227.]), array([383., 736., 524.]), array([383., 528., 117.]), array([322., 594., 238., 234., 703.]), array([322., 561., 563., 809.])]","[0.04518413543701172, 0.09246277809143066, 0.14079928398132324, 0.18652820587158203, 0.23263025283813477, 0.28171658515930176, 0.32756829261779785, 0.37296199798583984, 0.42208361625671387, 0.46703195571899414, 0.5133028030395508, 0.5592269897460938, 0.6061203479766846, 0.656853437423706, 0.7039940357208252, 0.7502026557922363, 0.7963757514953613, 0.8412435054779053, 0.8889303207397461, 0.9344742298126221, 0.9797062873840332, 1.0270912647247314, 1.0738167762756348, 1.1236648559570312, 1.1741700172424316, 1.2231113910675049, 1.2682650089263916, 1.315873146057129, 1.3629610538482666, 1.4088363647460938, 1.4543476104736328, 1.4998037815093994, 1.547654151916504, 1.5928475856781006, 1.640181541442871, 1.6852552890777588, 1.7305657863616943, 1.778872013092041, 1.8244149684906006, 1.8700306415557861, 1.9167115688323975, 1.9637408256530762, 2.009517192840576, 2.0553345680236816, 2.101860284805298, 2.1461021900177, 2.1948587894439697, 2.2406651973724365, 2.286742687225342, 2.3318049907684326]","[6310, 6769, 6574, 7792, 5558, 6875]","[0, 0, 0, 0, 0, 0, 0, 0, 0, 0, 0, 0, 0, 0, 0, 0, 0, 0, 0, 0, 0, 0, 0, 0, 0, 0, 0, 0, 0, 0, 0, 0, 0, 0, 0, 0, 0, 0, 0, 0, 0, 0, 0, 0, 0, 0, 0, 0, 0, 0]","[['V1', 14, 9, 13, 2], ['V0', 24, 7, 23, 22], ['V5', 21, 1, 2], ['V4', 8, 19, 20], ['V3', 18, 3, 11, 25, 5], ['V2', 12, 16, 17, 4]]","[208.23253915819242, 202.82404898221088, 202.82404898221088, 197.71948455327748, 193.8686597480826, 176.21856772171697, 176.21856772171697, 176.21856772171697, 168.20120388180914, 168.20120388180914, 168.20120388180914, 165.87465828580272, 165.87465828580272, 165.87465828580272, 165.87465828580272, 162.50570088649127, 162.50570088649127, 162.50570088649127, 160.5736956002436, 160.5736956002436, 160.5736956002436, 159.38423764618008, 159.38423764618008, 159.38423764618008, 159.38423764618008, 159.38423764618008, 159.38423764618008, 159.38423764618008, 159.38423764618008, 159.22621460213253, 158.44957741404312, 158.44957741404312, 158.44957741404312, 158.44957741404312, 158.44957741404312, 158.44957741404312, 158.44957741404312, 159.22621460213253, 159.22621460213253, 159.22621460213253, 159.22621460213253, 159.22621460213253, 159.06664584754407, 158.30285945093925, 158.30285945093925, 158.30285945093925, 158.30285945093925, 158.30285945093925, 158.30285945093925, 158.30285945093925]"
25,"[[99.87051428990756, 197.61666666666667], [101.43470206125856, 159.15], [95.912369638824, 134.55], [95.22677241839072, 134.55], [95.22677241839072, 134.55], [91.96149703081981, 133.21666666666667], [93.49438453760429, 129.86666666666667], [93.49438453760429, 129.86666666666667], [93.49438453760429, 129.86666666666667], [93.49438453760429, 129.86666666666667], [93.49438453760429, 129.86666666666667], [88.65053836050996, 133.21666666666667], [88.65053836050996, 133.21666666666667], [89.76548330030546, 129.86666666666667], [89.76548330030546, 129.86666666666667], [89.76548330030546, 129.86666666666667], [89.76548330030546, 129.86666666666667], [89.76548330030546, 129.86666666666667], [89.76548330030546, 129.86666666666667], [89.76548330030546, 129.86666666666667], [89.76548330030546, 129.86666666666667], [89.76548330030546, 129.86666666666667], [89.76548330030546, 129.86666666666667], [89.76548330030546, 129.86666666666667], [89.76548330030546, 129.86666666666667], [89.72147851663085, 129.86666666666667], [89.72147851663085, 129.86666666666667], [89.72147851663085, 129.86666666666667], [89.72147851663085, 129.86666666666667], [89.72147851663085, 129.86666666666667], [89.72147851663085, 129.86666666666667], [89.72147851663085, 129.86666666666667], [89.72147851663085, 129.86666666666667], [89.72147851663085, 129.86666666666667], [89.72147851663085, 129.86666666666667], [89.72147851663085, 129.86666666666667], [89.72147851663085, 129.86666666666667], [89.72147851663085, 129.86666666666667], [89.72147851663085, 129.86666666666667], [89.72147851663085, 129.86666666666667], [89.72147851663085, 129.86666666666667], [89.72147851663085, 129.86666666666667], [89.72147851663085, 129.86666666666667], [85.48543074982587, 129.86666666666667], [85.48543074982587, 129.86666666666667], [85.48543074982587, 129.86666666666667], [84.61687229339933, 129.86666666666667], [84.61687229339933, 129.86666666666667], [84.61687229339933, 129.86666666666667], [84.61687229339933, 129.86666666666667]]","[122371, 68302, 135302, 101015, 84260]","[99.87051428990756, 101.43470206125856, 95.912369638824, 95.22677241839072, 95.22677241839072, 91.96149703081981, 93.49438453760429, 93.49438453760429, 93.49438453760429, 93.49438453760429, 93.49438453760429, 88.65053836050996, 88.65053836050996, 89.76548330030546, 89.76548330030546, 89.76548330030546, 89.76548330030546, 89.76548330030546, 89.76548330030546, 89.76548330030546, 89.76548330030546, 89.76548330030546, 89.76548330030546, 89.76548330030546, 89.76548330030546, 89.72147851663085, 89.72147851663085, 89.72147851663085, 89.72147851663085, 89.72147851663085, 89.72147851663085, 89.72147851663085, 89.72147851663085, 89.72147851663085, 89.72147851663085, 89.72147851663085, 89.72147851663085, 89.72147851663085, 89.72147851663085, 89.72147851663085, 89.72147851663085, 89.72147851663085, 89.72147851663085, 85.48543074982587, 85.48543074982587, 85.48543074982587, 84.61687229339933, 84.61687229339933, 84.61687229339933, 84.61687229339933]","[array([  0., 766., 649., 478., 816., 227.]), array([322., 234., 594., 238., 689.]), array([383., 528., 117.]), array([322., 736., 524.]), array([383., 703., 563., 809., 561.])]","[0.044027090072631836, 0.09197115898132324, 0.14237618446350098, 0.1888418197631836, 0.2363598346710205, 0.2834615707397461, 0.3318638801574707, 0.37860560417175293, 0.4257183074951172, 0.4722318649291992, 0.5189929008483887, 0.5674264430999756, 0.6123859882354736, 0.6586875915527344, 0.7062335014343262, 0.7536191940307617, 0.7996575832366943, 0.8470096588134766, 0.8963131904602051, 0.9406249523162842, 0.985426664352417, 1.0332105159759521, 1.0765867233276367, 1.1233184337615967, 1.168821096420288, 1.2178771495819092, 1.2633423805236816, 1.3110847473144531, 1.3568120002746582, 1.4015226364135742, 1.4466769695281982, 1.4925994873046875, 1.5370097160339355, 1.5837500095367432, 1.6312341690063477, 1.6778576374053955, 1.7253832817077637, 1.7735416889190674, 1.8186497688293457, 1.8724360466003418, 1.9197320938110352, 1.9657680988311768, 2.015631675720215, 2.066157341003418, 2.115638017654419, 2.163760185241699, 2.21212100982666, 2.2569849491119385, 2.304919958114624, 2.3513882160186768]","[9095, 5541, 7792, 6775, 6882]","[0, 0, 0, 0, 0, 0, 0, 0, 0, 0, 0, 0, 0, 0, 0, 0, 0, 0, 0, 0, 0, 0, 0, 0, 0, 0, 0, 0, 0, 0, 0, 0, 0, 0, 0, 0, 0, 0, 0, 0, 0, 0, 0, 0, 0, 0, 0, 0, 0, 0]","[['V0', 14, 9, 13, 7, 23, 22], ['V3', 11, 18, 3, 24, 2], ['V5', 8, 19, 20], ['V2', 21, 1, 2], ['V4', 25, 16, 17, 12, 4]]","[221.41921002698723, 188.72657810243976, 165.23584704819476, 164.83883245529248, 164.83883245529248, 161.87525201193435, 160.02047072539355, 160.02047072539355, 160.02047072539355, 160.02047072539355, 160.02047072539355, 160.01749351050972, 160.01749351050972, 157.87081143532686, 157.87081143532686, 157.87081143532686, 157.87081143532686, 157.87081143532686, 157.87081143532686, 157.87081143532686, 157.87081143532686, 157.87081143532686, 157.87081143532686, 157.87081143532686, 157.87081143532686, 157.845794427097, 157.845794427097, 157.845794427097, 157.845794427097, 157.845794427097, 157.845794427097, 157.845794427097, 157.845794427097, 157.845794427097, 157.845794427097, 157.845794427097, 157.845794427097, 157.845794427097, 157.845794427097, 157.845794427097, 157.845794427097, 157.845794427097, 157.845794427097, 155.47704004641454, 155.47704004641454, 155.47704004641454, 155.0011812465588, 155.0011812465588, 155.0011812465588, 155.0011812465588]"
26,"[[110.35930174842034, 193.2], [104.07837023478133, 186.8], [90.44278331320879, 182.28333333333333], [85.92243066245602, 178.93333333333334], [98.84560397359115, 170.85], [99.02373416730322, 164.35], [100.85091347145392, 156.63333333333333], [100.85091347145392, 156.63333333333333], [100.85091347145392, 156.63333333333333], [100.43659363399871, 153.28333333333333], [100.43659363399871, 153.28333333333333], [100.43659363399871, 153.28333333333333], [100.43659363399871, 153.28333333333333], [100.43659363399871, 153.28333333333333], [110.88048987419553, 145.13333333333333], [110.88048987419553, 145.13333333333333], [103.97091228730633, 142.9], [100.14092976191444, 137.9], [100.14092976191444, 137.9], [100.14092976191444, 137.9], [94.29392102813017, 139.01666666666668], [94.29392102813017, 139.01666666666668], [94.29392102813017, 139.01666666666668], [94.29392102813017, 139.01666666666668], [93.47886303883469, 139.01666666666668], [93.47886303883469, 139.01666666666668], [93.47886303883469, 139.01666666666668], [93.47886303883469, 139.01666666666668], [100.592474317474, 131.63333333333333], [100.592474317474, 131.63333333333333], [100.592474317474, 131.63333333333333], [100.592474317474, 131.63333333333333], [100.592474317474, 131.63333333333333], [91.59556645148737, 133.21666666666667], [91.59556645148737, 133.21666666666667], [91.59556645148737, 133.21666666666667], [91.59556645148737, 133.21666666666667], [91.59556645148737, 133.21666666666667], [91.59556645148737, 133.21666666666667], [91.59556645148737, 133.21666666666667], [91.59556645148737, 133.21666666666667], [91.59556645148737, 133.21666666666667], [91.59556645148737, 133.21666666666667], [91.59556645148737, 133.21666666666667], [91.59556645148737, 133.21666666666667], [91.59556645148737, 133.21666666666667], [91.59556645148737, 133.21666666666667], [91.59556645148737, 133.21666666666667], [86.43361955903003, 133.21666666666667], [86.43361955903003, 133.21666666666667]]","[138533, 68841, 157110, 51839, 82874]","[110.35930174842034, 104.07837023478133, 90.44278331320879, 85.92243066245602, 98.84560397359115, 99.02373416730322, 100.85091347145392, 100.85091347145392, 100.85091347145392, 100.43659363399871, 100.43659363399871, 100.43659363399871, 100.43659363399871, 100.43659363399871, 110.88048987419553, 110.88048987419553, 103.97091228730633, 100.14092976191444, 100.14092976191444, 100.14092976191444, 94.29392102813017, 94.29392102813017, 94.29392102813017, 94.29392102813017, 93.47886303883469, 93.47886303883469, 93.47886303883469, 93.47886303883469, 100.592474317474, 100.592474317474, 100.592474317474, 100.592474317474, 100.592474317474, 91.59556645148737, 91.59556645148737, 91.59556645148737, 91.59556645148737, 91.59556645148737, 91.59556645148737, 91.59556645148737, 91.59556645148737, 91.59556645148737, 91.59556645148737, 91.59556645148737, 91.59556645148737, 91.59556645148737, 91.59556645148737, 91.59556645148737, 86.43361955903003, 86.43361955903003]","[array([  0., 766., 649., 478., 689., 816., 227.]), array([322., 238., 524.]), array([383., 736., 528., 117.]), array([322., 234., 594., 703.]), array([383., 809., 561., 563.])]","[0.04626345634460449, 0.09636235237121582, 0.14476752281188965, 0.19394874572753906, 0.24329066276550293, 0.2898523807525635, 0.337146520614624, 0.38573360443115234, 0.4331660270690918, 0.4797811508178711, 0.5279281139373779, 0.5765628814697266, 0.622535228729248, 0.6702079772949219, 0.7190544605255127, 0.7693803310394287, 0.8180763721466064, 0.8660132884979248, 0.917442798614502, 0.9665439128875732, 1.0129854679107666, 1.0600628852844238, 1.1115832328796387, 1.1604387760162354, 1.2060496807098389, 1.2533388137817383, 1.301208734512329, 1.35050368309021, 1.3963534832000732, 1.4411256313323975, 1.4911813735961914, 1.5392365455627441, 1.5847234725952148, 1.6318089962005615, 1.6790359020233154, 1.7283649444580078, 1.7786147594451904, 1.828366756439209, 1.8747444152832031, 1.9229047298431396, 1.9719054698944092, 2.021308660507202, 2.069734811782837, 2.116196870803833, 2.163574695587158, 2.2108492851257324, 2.2577226161956787, 2.305197238922119, 2.3531343936920166, 2.401609182357788]","[10246, 5305, 10362, 4522, 6674]","[0, 0, 0, 0, 0, 0, 0, 0, 0, 0, 0, 0, 0, 0, 0, 0, 0, 0, 0, 0, 0, 0, 0, 0, 0, 0, 0, 0, 0, 0, 0, 0, 0, 0, 0, 0, 0, 0, 0, 0, 0, 0, 0, 0, 0, 0, 0, 0, 0, 0]","[['V0', 14, 9, 13, 24, 7, 23, 22], ['V2', 3, 1, 2], ['V4', 21, 8, 19, 20], ['V3', 11, 18, 25, 5], ['V5', 17, 12, 16, 4]]","[222.49812467164503, 213.83766541638127, 203.48737224838092, 198.49383332668634, 197.38332230688596, 191.8765812402252, 186.2925330203489, 186.2925330203489, 186.2925330203489, 183.2574408273202, 183.2574408273202, 183.2574408273202, 183.2574408273202, 183.2574408273202, 182.64218428168783, 182.64218428168783, 176.72113795993604, 170.42480985343855, 170.42480985343855, 170.42480985343855, 167.97909737217415, 167.97909737217415, 167.97909737217415, 167.97909737217415, 167.52292812073316, 167.52292812073316, 167.52292812073316, 167.52292812073316, 165.66888764567747, 165.66888764567747, 165.66888764567747, 165.66888764567747, 165.66888764567747, 161.66764695308277, 161.66764695308277, 161.66764695308277, 161.66764695308277, 161.66764695308277, 161.66764695308277, 161.66764695308277, 161.66764695308277, 161.66764695308277, 161.66764695308277, 161.66764695308277, 161.66764695308277, 161.66764695308277, 161.66764695308277, 161.66764695308277, 158.80003421867679, 158.80003421867679]"
27,"[[90.46930888290282, 205.56666666666666], [124.88367664855788, 182.9], [98.5312670534453, 190.91666666666666], [123.95494326063329, 154.91666666666666], [123.95494326063329, 154.91666666666666], [107.63957545270075, 153.46666666666667], [107.63957545270075, 153.46666666666667], [101.1517391028102, 153.46666666666667], [101.1517391028102, 153.46666666666667], [101.66519451985184, 150.71666666666667], [101.66519451985184, 150.71666666666667], [101.66519451985184, 150.71666666666667], [86.94627395115648, 151.58333333333334], [86.67000279197023, 151.58333333333334], [103.42249186105819, 139.26666666666668], [103.42249186105819, 139.26666666666668], [103.42249186105819, 139.26666666666668], [103.42249186105819, 139.26666666666668], [103.42249186105819, 139.26666666666668], [102.84488227983209, 139.26666666666668], [102.84488227983209, 139.26666666666668], [102.84488227983209, 139.26666666666668], [102.84488227983209, 139.26666666666668], [102.84488227983209, 139.26666666666668], [97.02352261539285, 138.63333333333333], [97.02352261539285, 138.63333333333333], [97.02352261539285, 138.63333333333333], [97.02352261539285, 138.63333333333333], [92.35244931112267, 138.63333333333333], [92.35244931112267, 138.63333333333333], [92.35244931112267, 138.63333333333333], [92.35244931112267, 138.63333333333333], [92.35244931112267, 138.63333333333333], [92.35244931112267, 138.63333333333333], [92.35244931112267, 138.63333333333333], [90.95300528422275, 138.2], [90.83360019255815, 138.2], [90.83360019255815, 138.2], [90.83360019255815, 138.2], [90.83360019255815, 138.2], [90.83360019255815, 138.2], [90.83360019255815, 138.2], [90.83360019255815, 138.2], [90.83360019255815, 138.2], [90.83360019255815, 138.2], [90.83360019255815, 138.2], [91.25649872175451, 137.2], [91.25649872175451, 137.2], [91.25649872175451, 137.2], [91.25649872175451, 137.2]]","[138533, 19871, 172488, 34314, 82874]","[90.46930888290282, 124.88367664855788, 98.5312670534453, 123.95494326063329, 123.95494326063329, 107.63957545270075, 107.63957545270075, 101.1517391028102, 101.1517391028102, 101.66519451985184, 101.66519451985184, 101.66519451985184, 86.94627395115648, 86.67000279197023, 103.42249186105819, 103.42249186105819, 103.42249186105819, 103.42249186105819, 103.42249186105819, 102.84488227983209, 102.84488227983209, 102.84488227983209, 102.84488227983209, 102.84488227983209, 97.02352261539285, 97.02352261539285, 97.02352261539285, 97.02352261539285, 92.35244931112267, 92.35244931112267, 92.35244931112267, 92.35244931112267, 92.35244931112267, 92.35244931112267, 92.35244931112267, 90.95300528422275, 90.83360019255815, 90.83360019255815, 90.83360019255815, 90.83360019255815, 90.83360019255815, 90.83360019255815, 90.83360019255815, 90.83360019255815, 90.83360019255815, 90.83360019255815, 91.25649872175451, 91.25649872175451, 91.25649872175451, 91.25649872175451]","[array([  0., 766., 649., 478., 689., 816., 227.]), array([383., 703.]), array([322., 524., 736., 528., 117.]), array([322., 234., 594., 238.]), array([383., 809., 561., 563.])]","[0.04549098014831543, 0.09580540657043457, 0.1413743495941162, 0.18543243408203125, 0.23598361015319824, 0.28412723541259766, 0.33332109451293945, 0.3840165138244629, 0.43108677864074707, 0.47920680046081543, 0.5266788005828857, 0.5739178657531738, 0.6194002628326416, 0.6662604808807373, 0.7171876430511475, 0.7642860412597656, 0.8139886856079102, 0.8620941638946533, 0.9086582660675049, 0.954796314239502, 1.0000007152557373, 1.0462682247161865, 1.0943472385406494, 1.142709493637085, 1.1904611587524414, 1.2383878231048584, 1.286766529083252, 1.3352141380310059, 1.383795976638794, 1.430656909942627, 1.4837186336517334, 1.5329844951629639, 1.5801739692687988, 1.628143072128296, 1.6750686168670654, 1.7192058563232422, 1.766296148300171, 1.812716007232666, 1.8599536418914795, 1.9071340560913086, 1.9538540840148926, 2.002570629119873, 2.0485708713531494, 2.0936152935028076, 2.1386828422546387, 2.1840357780456543, 2.2295687198638916, 2.275390386581421, 2.320513963699341, 2.36791729927063]","[10246, 1972, 11427, 3280, 6674]","[0, 0, 0, 0, 0, 0, 0, 0, 0, 0, 0, 0, 0, 0, 0, 0, 0, 0, 0, 0, 0, 0, 0, 0, 0, 0, 0, 0, 0, 0, 0, 0, 0, 0, 0, 0, 0, 0, 0, 0, 0, 0, 0, 0, 0, 0, 0, 0, 0, 0]","[['V0', 14, 9, 13, 24, 7, 23, 22], ['V5', 25, 5], ['V2', 1, 21, 8, 19, 20], ['V3', 11, 18, 3, 2], ['V4', 17, 12, 16, 4]]","[224.59374500238096, 221.46860430603152, 214.84316186061977, 198.40363295529122, 198.40363295529122, 187.4521165028964, 187.4521165028964, 183.80340611996493, 183.80340611996493, 181.800234839976, 181.800234839976, 181.800234839976, 174.74885263839073, 174.61155840437533, 173.4687760583878, 173.4687760583878, 173.4687760583878, 173.4687760583878, 173.4687760583878, 173.12502492591003, 173.12502492591003, 173.12502492591003, 173.12502492591003, 173.12502492591003, 169.21218943034438, 169.21218943034438, 169.21218943034438, 169.21218943034438, 166.57783767618847, 166.57783767618847, 166.57783767618847, 166.57783767618847, 166.57783767618847, 166.57783767618847, 166.57783767618847, 165.4439154826549, 165.37830245815653, 165.37830245815653, 165.37830245815653, 165.37830245815653, 165.37830245815653, 165.37830245815653, 165.37830245815653, 165.37830245815653, 165.37830245815653, 165.37830245815653, 164.7773909216722, 164.7773909216722, 164.7773909216722, 164.7773909216722]"
28,"[[107.70613297648566, 149.36666666666667], [101.95864215078612, 146.01666666666668], [101.95864215078612, 146.01666666666668], [101.95864215078612, 146.01666666666668], [105.68323523774029, 140.95], [101.95864215078612, 146.01666666666668], [101.95864215078612, 146.01666666666668], [105.68323523774029, 140.95], [109.85330666800598, 131.53333333333333], [109.85330666800598, 131.53333333333333], [109.85330666800598, 131.53333333333333], [109.85330666800598, 131.53333333333333], [109.85330666800598, 131.53333333333333], [91.27475395435897, 143.78333333333333], [93.71708228572894, 140.05], [93.71708228572894, 140.05], [88.31945920405862, 135.05], [102.79210772448563, 131.53333333333333], [102.79210772448563, 131.53333333333333], [102.79210772448563, 131.53333333333333], [102.79210772448563, 131.53333333333333], [96.49428904360721, 133.21666666666667], [102.79210772448563, 131.53333333333333], [102.79210772448563, 131.53333333333333], [102.79210772448563, 131.53333333333333], [102.79210772448563, 131.53333333333333], [102.10651050405235, 131.53333333333333], [102.10651050405235, 131.53333333333333], [102.10651050405235, 131.53333333333333], [102.10651050405235, 131.53333333333333], [102.10651050405235, 131.53333333333333], [102.10651050405235, 131.53333333333333], [102.10651050405235, 131.53333333333333], [95.80869182317393, 133.21666666666667], [102.10651050405235, 131.53333333333333], [102.00433470097957, 131.53333333333333], [102.00433470097957, 131.53333333333333], [102.00433470097957, 131.53333333333333], [101.66180161723211, 131.53333333333333], [101.66180161723211, 131.53333333333333], [101.66180161723211, 131.53333333333333], [85.71259333403268, 141.66666666666666], [99.71783998894698, 131.53333333333333], [83.70676816943725, 141.66666666666666], [95.40403407138801, 133.21666666666667], [89.4963845172361, 135.95], [89.4963845172361, 135.95], [89.4963845172361, 135.95], [95.40403407138801, 133.21666666666667], [95.40403407138801, 133.21666666666667]]","[122371, 112786, 137591, 41819, 98083]","[107.70613297648566, 101.95864215078612, 101.95864215078612, 101.95864215078612, 105.68323523774029, 101.95864215078612, 101.95864215078612, 105.68323523774029, 109.85330666800598, 109.85330666800598, 109.85330666800598, 109.85330666800598, 109.85330666800598, 91.27475395435897, 93.71708228572894, 93.71708228572894, 88.31945920405862, 102.79210772448563, 102.79210772448563, 102.79210772448563, 102.79210772448563, 96.49428904360721, 102.79210772448563, 102.79210772448563, 102.79210772448563, 102.79210772448563, 102.10651050405235, 102.10651050405235, 102.10651050405235, 102.10651050405235, 102.10651050405235, 102.10651050405235, 102.10651050405235, 95.80869182317393, 102.10651050405235, 102.00433470097957, 102.00433470097957, 102.00433470097957, 101.66180161723211, 101.66180161723211, 101.66180161723211, 85.71259333403268, 99.71783998894698, 83.70676816943725, 95.40403407138801, 89.4963845172361, 89.4963845172361, 89.4963845172361, 95.40403407138801, 95.40403407138801]","[array([  0., 766., 649., 478., 816., 227.]), array([322., 594., 736., 524., 689.]), array([322., 528., 117.]), array([383., 234., 238.]), array([383., 703., 809., 561., 563.])]","[0.044391632080078125, 0.09286642074584961, 0.13916277885437012, 0.18583393096923828, 0.2324051856994629, 0.2814960479736328, 0.3272414207458496, 0.37668633460998535, 0.424790620803833, 0.47365736961364746, 0.5217950344085693, 0.5684576034545898, 0.6147809028625488, 0.6628618240356445, 0.7108495235443115, 0.7581260204315186, 0.802100419998169, 0.8497939109802246, 0.8963325023651123, 0.944119930267334, 0.9926407337188721, 1.0418367385864258, 1.0907366275787354, 1.1381475925445557, 1.1874439716339111, 1.2369871139526367, 1.2844626903533936, 1.333709955215454, 1.3809082508087158, 1.4280142784118652, 1.4740846157073975, 1.5223274230957031, 1.5752265453338623, 1.6213016510009766, 1.666130781173706, 1.7111775875091553, 1.7585763931274414, 1.805790901184082, 1.8541021347045898, 1.9008827209472656, 1.949690341949463, 1.99761962890625, 2.0432403087615967, 2.0898540019989014, 2.1347789764404297, 2.183212995529175, 2.229788303375244, 2.3049049377441406, 2.3625032901763916, 2.4122049808502197]","[9095, 8157, 7993, 3622, 7892]","[0, 0, 0, 0, 0, 0, 0, 0, 0, 0, 0, 0, 0, 0, 0, 0, 0, 0, 0, 0, 0, 0, 0, 0, 0, 0, 0, 0, 0, 0, 0, 0, 0, 0, 0, 0, 0, 0, 0, 0, 0, 0, 0, 0, 0, 0, 0, 0, 0, 0]","[['V0', 14, 9, 13, 7, 23, 22], ['V3', 18, 21, 1, 24, 2], ['V2', 8, 19, 20], ['V5', 11, 3, 2], ['V4', 25, 17, 12, 16, 4]]","[184.1494289751112, 178.09107685023557, 178.09107685023557, 178.09107685023557, 176.16994269828083, 178.09107685023557, 178.09107685023557, 176.16994269828083, 171.37317982599478, 171.37317982599478, 171.37317982599478, 171.37317982599478, 171.37317982599478, 170.3077439633125, 168.51377988802605, 168.51377988802605, 161.36551482301718, 166.93482317425577, 166.93482317425577, 166.93482317425577, 166.93482317425577, 164.49263842436534, 166.93482317425577, 166.93482317425577, 166.93482317425577, 166.93482317425577, 166.51353478048543, 166.51353478048543, 166.51353478048543, 166.51353478048543, 166.51353478048543, 166.51353478048543, 166.51353478048543, 164.09139437108118, 166.51353478048543, 166.4508998941347, 166.4508998941347, 166.4508998941347, 166.24120934906372, 166.24120934906372, 166.24120934906372, 165.57805742455642, 165.0595813330417, 164.5486781527471, 163.8554545777233, 162.7636487108131, 162.7636487108131, 162.7636487108131, 163.8554545777233, 163.8554545777233]"
29,"[[107.93537212082936, 236.66666666666666], [115.99735163456452, 192.58333333333334], [116.39091282089834, 183.56666666666666], [115.26367342719354, 179.95], [75.67953592949493, 187.1], [80.2858419096905, 175.48333333333332], [77.50332197283595, 175.48333333333332], [77.50332197283595, 175.48333333333332], [77.50332197283595, 175.48333333333332], [77.50332197283595, 175.48333333333332], [77.50332197283595, 175.48333333333332], [75.87227365573406, 172.7], [75.87227365573406, 172.7], [113.17323668068704, 147.95], [115.01132797457632, 141.88333333333333], [115.01132797457632, 141.88333333333333], [97.41156123958768, 138.01666666666668], [97.41156123958768, 138.01666666666668], [97.41156123958768, 138.01666666666668], [97.41156123958768, 138.01666666666668], [97.41156123958768, 138.01666666666668], [97.41156123958768, 138.01666666666668], [97.41156123958768, 138.01666666666668], [97.24869589366747, 138.01666666666668], [97.24869589366747, 138.01666666666668], [97.24869589366747, 138.01666666666668], [97.24869589366747, 138.01666666666668], [97.24869589366747, 138.01666666666668], [97.24869589366747, 138.01666666666668], [97.24869589366747, 138.01666666666668], [97.24869589366747, 138.01666666666668], [97.24869589366747, 138.01666666666668], [95.93280071513598, 138.83333333333334], [95.93280071513598, 138.83333333333334], [97.24869589366747, 138.01666666666668], [97.24869589366747, 138.01666666666668], [97.24869589366747, 138.01666666666668], [96.41649045861425, 134.5], [96.41649045861425, 134.5], [96.41649045861425, 134.5], [96.41649045861425, 134.5], [93.03270303996229, 133.21666666666667], [93.03270303996229, 133.21666666666667], [93.03270303996229, 133.21666666666667], [93.03270303996229, 133.21666666666667], [93.03270303996229, 133.21666666666667], [93.03270303996229, 133.21666666666667], [89.00635066132347, 133.21666666666667], [89.00635066132347, 133.21666666666667], [89.00635066132347, 133.21666666666667]]","[138533, 68841, 157110, 118989]","[107.93537212082936, 115.99735163456452, 116.39091282089834, 115.26367342719354, 75.67953592949493, 80.2858419096905, 77.50332197283595, 77.50332197283595, 77.50332197283595, 77.50332197283595, 77.50332197283595, 75.87227365573406, 75.87227365573406, 113.17323668068704, 115.01132797457632, 115.01132797457632, 97.41156123958768, 97.41156123958768, 97.41156123958768, 97.41156123958768, 97.41156123958768, 97.41156123958768, 97.41156123958768, 97.24869589366747, 97.24869589366747, 97.24869589366747, 97.24869589366747, 97.24869589366747, 97.24869589366747, 97.24869589366747, 97.24869589366747, 97.24869589366747, 95.93280071513598, 95.93280071513598, 97.24869589366747, 97.24869589366747, 97.24869589366747, 96.41649045861425, 96.41649045861425, 96.41649045861425, 96.41649045861425, 93.03270303996229, 93.03270303996229, 93.03270303996229, 93.03270303996229, 93.03270303996229, 93.03270303996229, 89.00635066132347, 89.00635066132347, 89.00635066132347]","[array([  0., 766., 649., 478., 689., 816., 227.]), array([322., 594., 238., 524.]), array([383., 736., 528., 117.]), array([322., 234., 703., 809., 561., 563.])]","[0.04464602470397949, 0.09412503242492676, 0.14039874076843262, 0.18798279762268066, 0.23504853248596191, 0.2812490463256836, 0.32490086555480957, 0.3727736473083496, 0.4171607494354248, 0.463778018951416, 0.512103796005249, 0.5586471557617188, 0.6067428588867188, 0.6527740955352783, 0.6966381072998047, 0.7462954521179199, 0.795525074005127, 0.8438773155212402, 0.8902125358581543, 0.9375855922698975, 0.9848017692565918, 1.031142234802246, 1.0779037475585938, 1.1239821910858154, 1.1697289943695068, 1.2145276069641113, 1.2577505111694336, 1.3016712665557861, 1.346968650817871, 1.3927419185638428, 1.4421541690826416, 1.4857077598571777, 1.5324006080627441, 1.5784647464752197, 1.6253018379211426, 1.6697406768798828, 1.7146072387695312, 1.7632033824920654, 1.8088109493255615, 1.8557641506195068, 1.9028494358062744, 1.9498035907745361, 1.9934284687042236, 2.0391311645507812, 2.0848262310028076, 2.133540153503418, 2.178095817565918, 2.2237796783447266, 2.273259401321411, 2.320080518722534]","[10246, 5305, 10362, 9866]","[0, 0, 0, 0, 0, 0, 0, 0, 0, 0, 0, 0, 0, 0, 0, 0, 0, 0, 0, 0, 0, 0, 0, 0, 0, 0, 0, 0, 0, 0, 0, 0, 0, 0, 0, 0, 0, 0, 0, 0, 0, 0, 0, 0, 0, 0, 0, 0, 0, 0]","[['V0', 14, 9, 13, 24, 7, 23, 22], ['V3', 18, 3, 1, 2], ['V4', 21, 8, 19, 20], ['V2', 11, 25, 17, 12, 16, 4]]","[260.11758046309177, 224.8193182624896, 217.35585038915576, 213.70006296660446, 201.82616817078926, 192.9772439665506, 191.83629790684256, 191.83629790684256, 191.83629790684256, 191.83629790684256, 191.83629790684256, 188.6316301941183, 188.6316301941183, 186.27233825982537, 182.64305582269844, 182.64305582269844, 168.93079216327533, 168.93079216327533, 168.93079216327533, 168.93079216327533, 168.93079216327533, 168.93079216327533, 168.93079216327533, 168.83693058924283, 168.83693058924283, 168.83693058924283, 168.83693058924283, 168.83693058924283, 168.83693058924283, 168.83693058924283, 168.83693058924283, 168.83693058924283, 168.75365684184283, 168.75365684184283, 168.83693058924283, 168.83693058924283, 168.83693058924283, 165.4883368469091, 165.4883368469091, 165.4883368469091, 165.4883368469091, 162.486196683594, 162.486196683594, 162.486196683594, 162.486196683594, 162.486196683594, 162.486196683594, 160.21488924511434, 160.21488924511434, 160.21488924511434]"
